Step;N 
100 ; 711
200 ; 709
300 ; 710
400 ; 710
500 ; 712
600 ; 713
700 ; 711
800 ; 710
900 ; 708
1000 ; 705
1100 ; 705
1200 ; 706
1300 ; 705
1400 ; 709
1500 ; 706
1600 ; 704
1700 ; 702
1800 ; 702
1900 ; 703
2000 ; 709
2100 ; 709
2200 ; 710
2300 ; 712
2400 ; 712
2500 ; 710
2600 ; 711
2700 ; 710
2800 ; 707
2900 ; 709
3000 ; 709
3100 ; 709
3200 ; 709
3300 ; 710
3400 ; 709
3500 ; 708
3600 ; 708
3700 ; 710
3800 ; 710
3900 ; 713
4000 ; 713
4100 ; 713
4200 ; 711
4300 ; 712
4400 ; 709
4500 ; 709
4600 ; 711
4700 ; 709
4800 ; 712
4900 ; 708
5000 ; 707
5100 ; 707
5200 ; 710
5300 ; 709
5400 ; 712
5500 ; 711
5600 ; 710
5700 ; 708
5800 ; 710
5900 ; 712
6000 ; 708
6100 ; 707
6200 ; 707
6300 ; 708
6400 ; 716
6500 ; 718
6600 ; 718
6700 ; 717
6800 ; 716
6900 ; 714
7000 ; 713
7100 ; 711
7200 ; 712
7300 ; 706
7400 ; 706
7500 ; 709
7600 ; 709
7700 ; 709
7800 ; 704
7900 ; 703
8000 ; 698
8100 ; 701
8200 ; 697
8300 ; 699
8400 ; 700
8500 ; 696
8600 ; 696
8700 ; 697
8800 ; 697
8900 ; 698
9000 ; 699
9100 ; 701
9200 ; 703
9300 ; 702
9400 ; 703
9500 ; 706
9600 ; 705
9700 ; 706
9800 ; 707
9900 ; 708
10000 ; 705
10100 ; 705
10200 ; 704
10300 ; 701
10400 ; 702
10500 ; 702
10600 ; 702
10700 ; 701
10800 ; 701
10900 ; 703
11000 ; 704
11100 ; 702
11200 ; 701
11300 ; 701
11400 ; 701
11500 ; 702
11600 ; 704
11700 ; 704
11800 ; 707
11900 ; 705
12000 ; 705
12100 ; 705
12200 ; 705
12300 ; 704
12400 ; 704
12500 ; 704
12600 ; 707
12700 ; 706
12800 ; 710
12900 ; 711
13000 ; 711
13100 ; 709
13200 ; 710
13300 ; 710
13400 ; 708
13500 ; 711
13600 ; 711
13700 ; 711
13800 ; 708
13900 ; 707
14000 ; 704
14100 ; 703
14200 ; 704
14300 ; 707
14400 ; 708
14500 ; 709
14600 ; 707
14700 ; 709
14800 ; 709
14900 ; 710
15000 ; 714
15100 ; 715
15200 ; 714
15300 ; 715
15400 ; 714
15500 ; 713
15600 ; 711
15700 ; 712
15800 ; 708
15900 ; 709
16000 ; 707
16100 ; 708
16200 ; 708
16300 ; 709
16400 ; 710
16500 ; 713
16600 ; 713
16700 ; 713
16800 ; 711
16900 ; 708
17000 ; 709
17100 ; 711
17200 ; 711
17300 ; 710
17400 ; 709
17500 ; 704
17600 ; 701
17700 ; 703
17800 ; 702
17900 ; 704
18000 ; 703
18100 ; 705
18200 ; 705
18300 ; 707
18400 ; 710
18500 ; 712
18600 ; 712
18700 ; 711
18800 ; 714
18900 ; 715
19000 ; 717
19100 ; 717
19200 ; 716
19300 ; 712
19400 ; 713
19500 ; 711
19600 ; 713
19700 ; 716
19800 ; 713
19900 ; 715
20000 ; 716
20100 ; 713
20200 ; 713
20300 ; 710
20400 ; 709
20500 ; 708
20600 ; 709
20700 ; 709
20800 ; 712
20900 ; 709
21000 ; 712
21100 ; 710
21200 ; 706
21300 ; 705
21400 ; 702
21500 ; 700
21600 ; 701
21700 ; 699
21800 ; 699
21900 ; 703
22000 ; 706
22100 ; 706
22200 ; 707
22300 ; 710
22400 ; 711
22500 ; 714
22600 ; 715
22700 ; 713
22800 ; 711
22900 ; 711
23000 ; 707
23100 ; 707
23200 ; 707
23300 ; 707
23400 ; 707
23500 ; 706
23600 ; 706
23700 ; 705
23800 ; 706
23900 ; 706
24000 ; 709
24100 ; 709
24200 ; 707
24300 ; 709
24400 ; 707
24500 ; 704
24600 ; 703
24700 ; 701
24800 ; 701
24900 ; 698
25000 ; 697
25100 ; 701
25200 ; 703
25300 ; 700
25400 ; 701
25500 ; 701
25600 ; 701
25700 ; 702
25800 ; 701
25900 ; 700
26000 ; 702
26100 ; 707
26200 ; 704
26300 ; 704
26400 ; 705
26500 ; 708
26600 ; 705
26700 ; 708
26800 ; 708
26900 ; 708
27000 ; 707
27100 ; 708
27200 ; 708
27300 ; 708
27400 ; 706
27500 ; 704
27600 ; 705
27700 ; 706
27800 ; 706
27900 ; 710
28000 ; 711
28100 ; 710
28200 ; 712
28300 ; 710
28400 ; 709
28500 ; 707
28600 ; 704
28700 ; 705
28800 ; 710
28900 ; 712
29000 ; 712
29100 ; 712
29200 ; 711
29300 ; 708
29400 ; 707
29500 ; 702
29600 ; 699
29700 ; 702
29800 ; 698
29900 ; 697
30000 ; 700
30100 ; 701
30200 ; 701
30300 ; 704
30400 ; 704
30500 ; 705
30600 ; 704
30700 ; 706
30800 ; 706
30900 ; 708
31000 ; 708
31100 ; 707
31200 ; 707
31300 ; 707
31400 ; 706
31500 ; 707
31600 ; 706
31700 ; 706
31800 ; 704
31900 ; 706
32000 ; 706
32100 ; 706
32200 ; 705
32300 ; 706
32400 ; 707
32500 ; 704
32600 ; 704
32700 ; 702
32800 ; 701
32900 ; 701
33000 ; 703
33100 ; 705
33200 ; 700
33300 ; 703
33400 ; 703
33500 ; 704
33600 ; 706
33700 ; 708
33800 ; 706
33900 ; 704
34000 ; 704
34100 ; 704
34200 ; 705
34300 ; 705
34400 ; 704
34500 ; 702
34600 ; 701
34700 ; 708
34800 ; 711
34900 ; 711
35000 ; 712
35100 ; 715
35200 ; 717
35300 ; 716
35400 ; 715
35500 ; 713
35600 ; 714
35700 ; 713
35800 ; 718
35900 ; 714
36000 ; 714
36100 ; 716
36200 ; 717
36300 ; 717
36400 ; 719
36500 ; 715
36600 ; 713
36700 ; 712
36800 ; 709
36900 ; 712
37000 ; 711
37100 ; 710
37200 ; 712
37300 ; 713
37400 ; 713
37500 ; 709
37600 ; 711
37700 ; 710
37800 ; 710
37900 ; 707
38000 ; 707
38100 ; 709
38200 ; 709
38300 ; 708
38400 ; 707
38500 ; 706
38600 ; 709
38700 ; 709
38800 ; 708
38900 ; 710
39000 ; 709
39100 ; 708
39200 ; 707
39300 ; 707
39400 ; 706
39500 ; 706
39600 ; 706
39700 ; 706
39800 ; 708
39900 ; 708
40000 ; 707
40100 ; 710
40200 ; 710
40300 ; 711
40400 ; 715
40500 ; 714
40600 ; 712
40700 ; 710
40800 ; 710
40900 ; 709
41000 ; 709
41100 ; 712
41200 ; 710
41300 ; 709
41400 ; 710
41500 ; 709
41600 ; 710
41700 ; 707
41800 ; 708
41900 ; 712
42000 ; 710
42100 ; 709
42200 ; 709
42300 ; 711
42400 ; 714
42500 ; 713
42600 ; 714
42700 ; 712
42800 ; 713
42900 ; 716
43000 ; 714
43100 ; 712
43200 ; 715
43300 ; 714
43400 ; 713
43500 ; 715
43600 ; 711
43700 ; 713
43800 ; 711
43900 ; 712
44000 ; 712
44100 ; 710
44200 ; 710
44300 ; 711
44400 ; 710
44500 ; 712
44600 ; 710
44700 ; 710
44800 ; 710
44900 ; 712
45000 ; 713
45100 ; 716
45200 ; 717
45300 ; 714
45400 ; 715
45500 ; 714
45600 ; 709
45700 ; 710
45800 ; 709
45900 ; 708
46000 ; 706
46100 ; 704
46200 ; 704
46300 ; 703
46400 ; 703
46500 ; 704
46600 ; 698
46700 ; 699
46800 ; 700
46900 ; 703
47000 ; 707
47100 ; 707
47200 ; 708
47300 ; 707
47400 ; 706
47500 ; 706
47600 ; 704
47700 ; 705
47800 ; 705
47900 ; 709
48000 ; 711
48100 ; 710
48200 ; 708
48300 ; 708
48400 ; 708
48500 ; 706
48600 ; 705
48700 ; 705
48800 ; 706
48900 ; 703
49000 ; 704
49100 ; 705
49200 ; 706
49300 ; 708
49400 ; 711
49500 ; 709
49600 ; 712
49700 ; 711
49800 ; 709
49900 ; 707
50000 ; 711
