Step;N 
100 ; 730
200 ; 727
300 ; 725
400 ; 725
500 ; 722
600 ; 722
700 ; 721
800 ; 723
900 ; 725
1000 ; 726
1100 ; 728
1200 ; 727
1300 ; 728
1400 ; 728
1500 ; 727
1600 ; 727
1700 ; 726
1800 ; 728
1900 ; 728
2000 ; 728
2100 ; 729
2200 ; 728
2300 ; 729
2400 ; 732
2500 ; 732
2600 ; 733
2700 ; 733
2800 ; 736
2900 ; 738
3000 ; 737
3100 ; 737
3200 ; 738
3300 ; 738
3400 ; 738
3500 ; 736
3600 ; 737
3700 ; 736
3800 ; 736
3900 ; 735
4000 ; 734
4100 ; 735
4200 ; 735
4300 ; 734
4400 ; 734
4500 ; 735
4600 ; 736
4700 ; 735
4800 ; 736
4900 ; 733
5000 ; 735
5100 ; 733
5200 ; 735
5300 ; 733
5400 ; 734
5500 ; 732
5600 ; 731
5700 ; 733
5800 ; 732
5900 ; 734
6000 ; 732
6100 ; 732
6200 ; 732
6300 ; 733
6400 ; 733
6500 ; 734
6600 ; 733
6700 ; 733
6800 ; 734
6900 ; 731
7000 ; 731
7100 ; 731
7200 ; 730
7300 ; 730
7400 ; 728
7500 ; 728
7600 ; 728
7700 ; 729
7800 ; 729
7900 ; 729
8000 ; 729
8100 ; 728
8200 ; 728
8300 ; 729
8400 ; 729
8500 ; 730
8600 ; 730
8700 ; 732
8800 ; 733
8900 ; 733
9000 ; 731
9100 ; 730
9200 ; 730
9300 ; 728
9400 ; 729
9500 ; 729
9600 ; 729
9700 ; 730
9800 ; 730
9900 ; 731
10000 ; 727
10100 ; 724
10200 ; 724
10300 ; 724
10400 ; 724
10500 ; 726
10600 ; 727
10700 ; 725
10800 ; 725
10900 ; 724
11000 ; 725
11100 ; 725
11200 ; 726
11300 ; 726
11400 ; 725
11500 ; 723
11600 ; 724
11700 ; 725
11800 ; 723
11900 ; 722
12000 ; 723
12100 ; 722
12200 ; 724
12300 ; 723
12400 ; 724
12500 ; 722
12600 ; 723
12700 ; 720
12800 ; 721
12900 ; 721
13000 ; 721
13100 ; 722
13200 ; 721
13300 ; 721
13400 ; 722
13500 ; 721
13600 ; 724
13700 ; 725
13800 ; 726
13900 ; 724
14000 ; 723
14100 ; 723
14200 ; 724
14300 ; 723
14400 ; 724
14500 ; 724
14600 ; 724
14700 ; 724
14800 ; 723
14900 ; 724
15000 ; 726
15100 ; 728
15200 ; 728
15300 ; 728
15400 ; 728
15500 ; 729
15600 ; 729
15700 ; 726
15800 ; 727
15900 ; 726
16000 ; 727
16100 ; 727
16200 ; 727
16300 ; 729
16400 ; 729
16500 ; 728
16600 ; 729
16700 ; 727
16800 ; 726
16900 ; 728
17000 ; 727
17100 ; 727
17200 ; 727
17300 ; 727
17400 ; 727
17500 ; 727
17600 ; 729
17700 ; 733
17800 ; 732
17900 ; 732
18000 ; 731
18100 ; 731
18200 ; 731
18300 ; 732
18400 ; 732
18500 ; 731
18600 ; 732
18700 ; 730
18800 ; 733
18900 ; 733
19000 ; 731
19100 ; 730
19200 ; 729
19300 ; 729
19400 ; 729
19500 ; 730
19600 ; 730
19700 ; 731
19800 ; 731
19900 ; 731
20000 ; 730
20100 ; 727
20200 ; 728
20300 ; 728
20400 ; 729
20500 ; 727
20600 ; 727
20700 ; 727
20800 ; 727
20900 ; 726
21000 ; 725
21100 ; 726
21200 ; 728
21300 ; 728
21400 ; 732
21500 ; 731
21600 ; 732
21700 ; 732
21800 ; 732
21900 ; 730
22000 ; 732
22100 ; 732
22200 ; 732
22300 ; 730
22400 ; 730
22500 ; 729
22600 ; 729
22700 ; 728
22800 ; 728
22900 ; 727
23000 ; 727
23100 ; 727
23200 ; 727
23300 ; 724
23400 ; 724
23500 ; 724
23600 ; 724
23700 ; 722
23800 ; 723
23900 ; 723
24000 ; 723
24100 ; 723
24200 ; 722
24300 ; 723
24400 ; 724
24500 ; 723
24600 ; 724
24700 ; 723
24800 ; 723
24900 ; 723
25000 ; 725
25100 ; 726
25200 ; 727
25300 ; 726
25400 ; 725
25500 ; 724
25600 ; 724
25700 ; 723
25800 ; 725
25900 ; 726
26000 ; 724
26100 ; 725
26200 ; 727
26300 ; 727
26400 ; 729
26500 ; 728
26600 ; 727
26700 ; 728
26800 ; 729
26900 ; 727
27000 ; 726
27100 ; 728
27200 ; 728
27300 ; 729
27400 ; 728
27500 ; 729
27600 ; 733
27700 ; 732
27800 ; 729
27900 ; 728
28000 ; 729
28100 ; 728
28200 ; 728
28300 ; 728
28400 ; 728
28500 ; 727
28600 ; 730
28700 ; 729
28800 ; 728
28900 ; 725
29000 ; 725
29100 ; 724
29200 ; 722
29300 ; 722
29400 ; 720
29500 ; 723
29600 ; 721
29700 ; 723
29800 ; 724
29900 ; 726
30000 ; 724
30100 ; 725
30200 ; 725
30300 ; 724
30400 ; 723
30500 ; 724
30600 ; 724
30700 ; 723
30800 ; 726
30900 ; 724
31000 ; 723
31100 ; 727
31200 ; 728
31300 ; 727
31400 ; 725
31500 ; 726
31600 ; 728
31700 ; 729
31800 ; 728
31900 ; 728
32000 ; 727
32100 ; 728
32200 ; 728
32300 ; 727
32400 ; 728
32500 ; 730
32600 ; 729
32700 ; 727
32800 ; 728
32900 ; 728
33000 ; 727
33100 ; 729
33200 ; 730
33300 ; 728
33400 ; 728
33500 ; 728
33600 ; 727
33700 ; 729
33800 ; 729
33900 ; 728
34000 ; 729
34100 ; 730
34200 ; 731
34300 ; 731
34400 ; 731
34500 ; 731
34600 ; 730
34700 ; 728
34800 ; 728
34900 ; 727
35000 ; 728
35100 ; 729
35200 ; 731
35300 ; 730
35400 ; 731
35500 ; 728
35600 ; 729
35700 ; 727
35800 ; 729
35900 ; 729
36000 ; 729
36100 ; 728
36200 ; 727
36300 ; 728
36400 ; 728
36500 ; 728
36600 ; 728
36700 ; 726
36800 ; 727
36900 ; 730
37000 ; 727
37100 ; 729
37200 ; 732
37300 ; 733
37400 ; 734
37500 ; 732
37600 ; 731
37700 ; 731
37800 ; 729
37900 ; 728
38000 ; 726
38100 ; 728
38200 ; 729
38300 ; 727
38400 ; 729
38500 ; 726
38600 ; 726
38700 ; 727
38800 ; 727
38900 ; 726
39000 ; 727
39100 ; 726
39200 ; 728
39300 ; 728
39400 ; 729
39500 ; 728
39600 ; 728
39700 ; 728
39800 ; 729
39900 ; 730
40000 ; 728
40100 ; 729
40200 ; 728
40300 ; 730
40400 ; 729
40500 ; 732
40600 ; 732
40700 ; 732
40800 ; 731
40900 ; 731
41000 ; 733
41100 ; 731
41200 ; 732
41300 ; 732
41400 ; 733
41500 ; 736
41600 ; 735
41700 ; 733
41800 ; 733
41900 ; 731
42000 ; 730
42100 ; 729
42200 ; 730
42300 ; 730
42400 ; 730
42500 ; 730
42600 ; 728
42700 ; 728
42800 ; 726
42900 ; 725
43000 ; 723
43100 ; 723
43200 ; 722
43300 ; 722
43400 ; 719
43500 ; 719
43600 ; 720
43700 ; 720
43800 ; 719
43900 ; 718
44000 ; 721
44100 ; 722
44200 ; 723
44300 ; 724
44400 ; 725
44500 ; 726
44600 ; 725
44700 ; 725
44800 ; 725
44900 ; 723
45000 ; 723
45100 ; 724
45200 ; 727
45300 ; 726
45400 ; 726
45500 ; 726
45600 ; 725
45700 ; 725
45800 ; 723
45900 ; 722
46000 ; 728
46100 ; 728
46200 ; 728
46300 ; 729
46400 ; 728
46500 ; 727
46600 ; 727
46700 ; 728
46800 ; 730
46900 ; 730
47000 ; 732
47100 ; 730
47200 ; 728
47300 ; 726
47400 ; 726
47500 ; 725
47600 ; 725
47700 ; 725
47800 ; 722
47900 ; 722
48000 ; 722
48100 ; 722
48200 ; 721
48300 ; 721
48400 ; 723
48500 ; 725
48600 ; 729
48700 ; 730
48800 ; 729
48900 ; 729
49000 ; 730
49100 ; 728
49200 ; 728
49300 ; 727
49400 ; 726
49500 ; 725
49600 ; 728
49700 ; 727
49800 ; 727
49900 ; 727
50000 ; 727
