Step;N 
100 ; 764
200 ; 764
300 ; 764
400 ; 763
500 ; 763
600 ; 764
700 ; 764
800 ; 764
900 ; 764
1000 ; 764
1100 ; 764
1200 ; 764
1300 ; 763
1400 ; 763
1500 ; 763
1600 ; 763
1700 ; 764
1800 ; 764
1900 ; 764
2000 ; 764
2100 ; 764
2200 ; 764
2300 ; 764
2400 ; 765
2500 ; 765
2600 ; 764
2700 ; 764
2800 ; 765
2900 ; 765
3000 ; 765
3100 ; 765
3200 ; 765
3300 ; 765
3400 ; 765
3500 ; 765
3600 ; 765
3700 ; 765
3800 ; 765
3900 ; 764
4000 ; 764
4100 ; 763
4200 ; 763
4300 ; 763
4400 ; 763
4500 ; 763
4600 ; 763
4700 ; 763
4800 ; 762
4900 ; 762
5000 ; 762
5100 ; 762
5200 ; 762
5300 ; 762
5400 ; 761
5500 ; 761
5600 ; 760
5700 ; 760
5800 ; 760
5900 ; 759
6000 ; 760
6100 ; 760
6200 ; 760
6300 ; 760
6400 ; 760
6500 ; 759
6600 ; 759
6700 ; 759
6800 ; 759
6900 ; 759
7000 ; 759
7100 ; 759
7200 ; 760
7300 ; 760
7400 ; 761
7500 ; 761
7600 ; 761
7700 ; 761
7800 ; 761
7900 ; 760
8000 ; 760
8100 ; 760
8200 ; 760
8300 ; 760
8400 ; 760
8500 ; 760
8600 ; 760
8700 ; 760
8800 ; 760
8900 ; 760
9000 ; 762
9100 ; 763
9200 ; 764
9300 ; 764
9400 ; 764
9500 ; 763
9600 ; 763
9700 ; 763
9800 ; 764
9900 ; 764
10000 ; 764
10100 ; 762
10200 ; 762
10300 ; 762
10400 ; 762
10500 ; 762
10600 ; 762
10700 ; 762
10800 ; 763
10900 ; 763
11000 ; 763
11100 ; 763
11200 ; 763
11300 ; 763
11400 ; 763
11500 ; 763
11600 ; 761
11700 ; 761
11800 ; 761
11900 ; 762
12000 ; 761
12100 ; 761
12200 ; 760
12300 ; 760
12400 ; 760
12500 ; 761
12600 ; 761
12700 ; 762
12800 ; 762
12900 ; 762
13000 ; 762
13100 ; 762
13200 ; 762
13300 ; 762
13400 ; 762
13500 ; 763
13600 ; 763
13700 ; 763
13800 ; 763
13900 ; 764
14000 ; 763
14100 ; 763
14200 ; 763
14300 ; 763
14400 ; 763
14500 ; 764
14600 ; 764
14700 ; 764
14800 ; 764
14900 ; 763
15000 ; 763
15100 ; 764
15200 ; 764
15300 ; 764
15400 ; 763
15500 ; 763
15600 ; 763
15700 ; 763
15800 ; 763
15900 ; 763
16000 ; 763
16100 ; 764
16200 ; 763
16300 ; 763
16400 ; 763
16500 ; 763
16600 ; 763
16700 ; 763
16800 ; 762
16900 ; 761
17000 ; 761
17100 ; 761
17200 ; 761
17300 ; 760
17400 ; 760
17500 ; 761
17600 ; 761
17700 ; 761
17800 ; 761
17900 ; 761
18000 ; 761
18100 ; 761
18200 ; 764
18300 ; 763
18400 ; 763
18500 ; 763
18600 ; 763
18700 ; 763
18800 ; 763
18900 ; 763
19000 ; 762
19100 ; 762
19200 ; 762
19300 ; 762
19400 ; 762
19500 ; 762
19600 ; 762
19700 ; 763
19800 ; 763
19900 ; 763
20000 ; 763
20100 ; 763
20200 ; 763
20300 ; 763
20400 ; 763
20500 ; 763
20600 ; 761
20700 ; 762
20800 ; 762
20900 ; 762
21000 ; 762
21100 ; 762
21200 ; 761
21300 ; 761
21400 ; 761
21500 ; 761
21600 ; 761
21700 ; 760
21800 ; 758
21900 ; 758
22000 ; 758
22100 ; 758
22200 ; 758
22300 ; 758
22400 ; 759
22500 ; 759
22600 ; 759
22700 ; 758
22800 ; 759
22900 ; 759
23000 ; 759
23100 ; 759
23200 ; 759
23300 ; 759
23400 ; 759
23500 ; 759
23600 ; 759
23700 ; 759
23800 ; 760
23900 ; 760
24000 ; 760
24100 ; 759
24200 ; 759
24300 ; 759
24400 ; 759
24500 ; 759
24600 ; 759
24700 ; 759
24800 ; 758
24900 ; 758
25000 ; 758
25100 ; 758
25200 ; 758
25300 ; 758
25400 ; 758
25500 ; 758
25600 ; 758
25700 ; 759
25800 ; 759
25900 ; 759
26000 ; 759
26100 ; 758
26200 ; 757
26300 ; 757
26400 ; 756
26500 ; 756
26600 ; 756
26700 ; 757
26800 ; 757
26900 ; 757
27000 ; 757
27100 ; 757
27200 ; 757
27300 ; 757
27400 ; 757
27500 ; 756
27600 ; 756
27700 ; 756
27800 ; 756
27900 ; 756
28000 ; 756
28100 ; 756
28200 ; 757
28300 ; 757
28400 ; 757
28500 ; 756
28600 ; 757
28700 ; 757
28800 ; 755
28900 ; 755
29000 ; 756
29100 ; 756
29200 ; 757
29300 ; 757
29400 ; 757
29500 ; 757
29600 ; 758
29700 ; 759
29800 ; 759
29900 ; 759
30000 ; 759
30100 ; 759
30200 ; 759
30300 ; 759
30400 ; 759
30500 ; 759
30600 ; 759
30700 ; 759
30800 ; 759
30900 ; 759
31000 ; 759
31100 ; 759
31200 ; 759
31300 ; 759
31400 ; 759
31500 ; 759
31600 ; 759
31700 ; 759
31800 ; 760
31900 ; 759
32000 ; 759
32100 ; 759
32200 ; 759
32300 ; 759
32400 ; 759
32500 ; 759
32600 ; 757
32700 ; 759
32800 ; 759
32900 ; 759
33000 ; 760
33100 ; 761
33200 ; 762
33300 ; 762
33400 ; 762
33500 ; 762
33600 ; 762
33700 ; 763
33800 ; 764
33900 ; 763
34000 ; 763
34100 ; 763
34200 ; 763
34300 ; 763
34400 ; 763
34500 ; 764
34600 ; 764
34700 ; 764
34800 ; 764
34900 ; 764
35000 ; 764
35100 ; 764
35200 ; 764
35300 ; 764
35400 ; 764
35500 ; 763
35600 ; 763
35700 ; 763
35800 ; 763
35900 ; 762
36000 ; 763
36100 ; 763
36200 ; 763
36300 ; 763
36400 ; 763
36500 ; 763
36600 ; 762
36700 ; 761
36800 ; 762
36900 ; 762
37000 ; 762
37100 ; 762
37200 ; 762
37300 ; 762
37400 ; 763
37500 ; 764
37600 ; 764
37700 ; 764
37800 ; 763
37900 ; 763
38000 ; 762
38100 ; 762
38200 ; 762
38300 ; 763
38400 ; 763
38500 ; 763
38600 ; 763
38700 ; 763
38800 ; 763
38900 ; 763
39000 ; 764
39100 ; 765
39200 ; 765
39300 ; 765
39400 ; 765
39500 ; 764
39600 ; 764
39700 ; 764
39800 ; 764
39900 ; 764
40000 ; 764
40100 ; 764
40200 ; 764
40300 ; 764
40400 ; 764
40500 ; 764
40600 ; 763
40700 ; 764
40800 ; 763
40900 ; 762
41000 ; 763
41100 ; 763
41200 ; 763
41300 ; 763
41400 ; 764
41500 ; 764
41600 ; 763
41700 ; 763
41800 ; 763
41900 ; 764
42000 ; 763
42100 ; 762
42200 ; 763
42300 ; 764
42400 ; 765
42500 ; 765
42600 ; 764
42700 ; 764
42800 ; 764
42900 ; 764
43000 ; 764
43100 ; 764
43200 ; 764
43300 ; 764
43400 ; 764
43500 ; 766
43600 ; 766
43700 ; 766
43800 ; 766
43900 ; 766
44000 ; 766
44100 ; 766
44200 ; 766
44300 ; 766
44400 ; 766
44500 ; 766
44600 ; 766
44700 ; 766
44800 ; 766
44900 ; 766
45000 ; 766
45100 ; 766
45200 ; 766
45300 ; 765
45400 ; 765
45500 ; 765
45600 ; 766
45700 ; 766
45800 ; 766
45900 ; 766
46000 ; 764
46100 ; 765
46200 ; 765
46300 ; 765
46400 ; 764
46500 ; 764
46600 ; 764
46700 ; 764
46800 ; 764
46900 ; 765
47000 ; 765
47100 ; 765
47200 ; 765
47300 ; 765
47400 ; 765
47500 ; 765
47600 ; 765
47700 ; 764
47800 ; 764
47900 ; 764
48000 ; 764
48100 ; 764
48200 ; 764
48300 ; 764
48400 ; 764
48500 ; 764
48600 ; 764
48700 ; 764
48800 ; 764
48900 ; 764
49000 ; 764
49100 ; 764
49200 ; 764
49300 ; 764
49400 ; 764
49500 ; 764
49600 ; 764
49700 ; 763
49800 ; 765
49900 ; 765
50000 ; 765
