-13.630201 4.533667
14.286704 -4.767895
8.260935 14.385479
-7.960901 8.826300
2.148606 -14.000476
-8.884584 3.567121
3.658124 -7.154817
7.449457 6.014421
-0.011751 4.046258
2.968731 -4.454823
-7.806941 0.144716
8.434416 6.787267
6.137021 -3.525116
13.400667 1.567392
0.439752 -7.635004
6.641957 -0.396726
-12.736353 3.679273
3.356642 6.008471
4.186859 -10.955177
-14.428281 -5.270887
9.512622 1.735751
7.678869 -0.476360
-7.450382 11.840250
-1.694281 -10.639249
-9.602552 6.475810
13.053593 -13.777107
9.683618 6.683342
-10.251784 0.497084
1.788543 11.385816
10.225515 10.070115
-9.438750 -13.691823
-14.105434 14.887923
-1.645753 13.466676
14.508697 -3.772695
12.819352 7.300899
6.894159 8.192949
-10.173887 -4.170662
-13.026909 -1.302986
0.270110 -12.467501
-1.894201 14.439383
3.984308 0.720766
-3.682813 -14.676990
-5.473923 3.536030
-14.137376 2.175139
14.525393 -0.313535
-11.791189 -7.052114
-4.374660 -1.932518
2.741344 13.526897
-7.914411 -9.468350
-7.855723 10.893719
6.426209 -8.344759
8.663207 -0.224021
-4.348119 -12.242701
-12.413172 -12.057847
-5.903385 1.757730
-0.053482 1.943540
7.799657 -6.696874
3.255912 2.742628
4.386528 8.407827
12.373146 -0.047013
-8.303008 -14.816796
-5.859779 -11.800386
10.950688 -7.898034
-13.396567 -5.240750
-8.144466 -3.610849
4.345703 -9.753683
-6.498736 -8.627678
9.918206 13.894959
4.647701 -13.411899
-9.861963 -8.944168
1.378417 -14.697162
-13.227676 1.451148
-4.780386 2.757610
8.317044 9.888112
6.479477 -14.506838
-2.392479 12.536553
-3.106613 4.718807
-14.978830 8.488306
0.800188 12.576568
10.746880 -13.319462
-14.549482 -12.053368
-13.238049 11.667008
14.923911 -1.684278
13.835653 -1.533801
-13.002899 14.665926
-7.491248 -2.808026
0.191933 2.989682
5.558082 -2.515730
-6.856773 6.156740
-6.533014 -10.809007
-14.418315 -14.155070
4.936663 -12.192643
11.790619 11.658118
7.776959 7.719478
-5.119266 -14.327162
10.820054 13.341016
-2.642348 -14.759116
-3.677259 8.401813
-6.370703 -7.486271
9.024727 -7.031991
3.392426 -10.079819
-1.001591 3.603141
-13.838030 -11.139403
0.657699 -1.399851
-3.838988 9.406892
-11.607901 -12.654817
-14.203035 9.858339
2.948272 -7.898322
13.483896 -0.551100
0.365331 14.612351
13.136652 -8.572822
-5.458772 -5.199324
3.999535 6.810774
6.197677 13.334209
12.646061 -4.985037
-11.383704 -5.852796
4.699706 13.777630
-14.438646 -9.301528
6.944242 14.356715
-14.529697 0.080879
10.471271 -12.015262
-8.784734 -0.141163
13.074392 4.578609
-13.128311 0.205232
2.682292 -2.039940
-4.327222 10.412314
-3.477560 -5.433372
-6.948845 -9.728999
11.360461 14.613007
-4.001186 -7.297036
10.465237 5.659919
7.696739 13.432161
-14.412440 6.473186
3.801513 -1.960871
-4.403312 -8.287830
12.487124 10.871285
11.029915 3.964616
-12.426617 4.724684
-6.468297 9.780396
8.170025 1.787136
6.861246 7.164721
-8.109898 2.656925
4.196534 -4.440519
4.634496 14.822736
-14.671997 4.404404
-2.949975 -10.531076
3.035831 5.027459
-13.958735 -1.837418
-10.472335 7.055348
-14.788314 -2.675953
10.694850 -14.511733
-6.289690 4.184248
-1.972617 6.714423
-0.174081 -9.331020
-3.986303 7.337356
6.482697 4.847388
6.782272 -6.964421
6.992145 -10.205761
-8.380692 -7.621082
12.425278 1.298012
-6.664126 -0.110889
5.240507 0.509276
10.580876 -9.087275
-4.005397 -10.316066
-11.225551 -4.736806
-7.897809 3.820305
-8.613296 -1.500819
9.067724 -1.736028
-3.791795 -9.220763
10.933921 2.850809
5.642686 1.626832
-2.768848 9.296986
-7.664062 -0.999975
1.101702 -6.735904
-2.516823 -1.656638
-3.020682 1.204025
-10.012600 3.364735
-0.328701 -1.193440
-13.307715 6.916666
-11.361973 6.267727
-4.387178 -3.424512
7.253714 -13.721153
-9.040913 2.278132
-7.111838 12.799649
-9.364464 -14.711978
12.835627 -11.697665
0.954783 9.218894
1.368818 3.677640
-1.303990 -4.722008
13.881164 -14.359100
-7.775768 5.695303
-10.446426 -11.760637
-7.757851 7.797968
-1.167641 -2.828730
10.892681 -5.437578
-9.959859 1.582680
7.591310 -7.692923
-10.429083 5.557903
2.560719 14.923372
-7.840617 13.867365
0.891429 -5.636211
9.718483 7.705212
9.312278 5.738189
9.311599 -3.108348
-1.454207 -1.607421
-3.385722 -2.450025
-6.222054 -1.009997
-8.403715 -11.848235
13.404438 -12.807000
1.673630 -7.707338
0.659216 -3.835346
-5.267606 -13.292103
14.686617 11.959603
9.033102 -4.333191
8.487461 -8.232651
4.282116 -8.188898
-7.190827 -14.984605
-12.142133 -9.745921
11.425903 10.041366
-7.532864 9.895770
-7.323770 -13.960637
-2.534015 5.874094
-2.116033 10.444127
6.126114 9.763972
5.002700 2.594158
1.784608 13.921982
-12.383753 -0.493168
-8.675392 -8.602488
12.653635 -6.016110
9.915860 -6.141729
-12.427292 7.648707
-1.688743 -6.477366
12.384721 9.747497
2.086712 12.754082
13.414279 14.725851
-11.661259 3.961908
-5.942875 5.285111
-0.848073 -12.496438
-14.847816 -8.127874
-13.730600 3.312768
14.853461 5.624552
12.903633 2.492811
11.297079 0.743857
8.157091 -9.465778
-11.378607 5.089818
-0.331351 -8.281269
-2.917365 -6.554995
-1.829421 2.917245
-4.637384 14.763264
-0.665725 -10.493307
-13.758615 -3.018285
8.449073 12.565357
1.245122 -10.786176
-0.890442 -7.314126
-4.885474 -9.421280
9.894916 -10.985627
13.103986 -2.498219
-1.700966 -3.779072
-4.333797 -4.873789
-12.967678 -8.874378
-0.057762 5.911679
11.617259 -12.086132
4.355071 1.676335
-10.807976 -9.391190
-1.910003 11.494397
0.036475 8.289301
-9.550910 -7.742225
2.054969 7.533415
4.557533 10.502106
8.564074 8.415571
-10.447775 12.949574
4.042955 -14.228537
1.861232 -6.020941
-8.626410 7.091339
8.107864 -3.124173
9.665655 0.252654
-4.108533 -13.748993
7.690377 -11.290354
-13.562846 -13.361085
11.775920 -7.225241
14.872665 1.999036
8.313580 -12.152412
-1.054324 -11.479709
-13.850748 -10.123316
13.822625 6.693219
-10.591767 -3.120949
-12.661981 -3.305173
11.528761 6.099977
-12.862262 -2.319059
12.598177 -9.620754
-8.596238 9.627996
-12.918660 -10.622951
11.729056 12.778490
-5.405247 9.611299
5.956771 -12.216851
5.203482 -0.552974
7.366936 12.404941
-2.871470 7.326443
-6.367497 -13.006584
-9.389830 13.014924
4.956277 11.443853
3.661149 14.055451
2.039787 -8.769331
6.888427 10.845267
-14.547572 -13.054267
13.804243 8.475724
11.913905 2.267245
14.818407 -10.056192
-5.161017 -2.627268
-12.412463 -5.991829
10.079338 -1.375447
-11.734857 -1.451611
5.146389 -14.281699
5.162451 -4.010304
2.706320 1.863169
0.428621 -14.115952
2.763667 10.905058
-7.656394 6.762080
10.706067 8.020256
-12.424148 5.822787
-12.380527 -7.947689
10.199772 4.621234
-1.937737 -7.764225
-3.605387 6.251787
-11.164722 12.032056
-8.591738 -6.271306
5.800868 14.615643
12.020123 4.817775
6.522693 -5.988848
5.896366 11.050404
10.480070 -3.609157
5.063576 6.307902
-14.727453 3.132931
-0.598373 -3.892383
12.052535 -8.642940
-2.057662 -9.692224
-7.350085 -5.561692
0.733829 -8.693572
9.754445 -13.451953
5.479663 -10.052514
2.909704 6.903682
-11.994515 1.776777
-2.002424 0.780982
1.213535 8.143765
12.325031 -14.945629
7.860167 -1.644704
14.985860 -6.112899
14.357241 -12.322140
-4.603687 0.695769
5.602261 -6.410141
7.513163 -5.638266
14.082266 -6.776210
-5.386063 -8.531080
-5.090844 13.852721
-12.927207 13.519593
-10.784539 9.175790
-3.124772 11.681624
-13.011425 -7.152788
-5.037230 -7.381837
-11.936770 10.892418
10.004761 11.293670
-9.488649 -11.363005
4.999176 12.641534
-13.958531 8.874629
8.871008 13.475155
2.077217 2.755745
9.944742 3.133900
-5.013227 -10.663660
1.232563 -12.170283
-8.929303 10.587953
2.470045 3.695577
-12.305422 -4.976208
4.383580 5.320747
6.832532 -4.827516
-12.527239 -13.586199
-11.191594 -0.227429
10.322431 -2.459818
-11.973064 14.317117
1.790153 -4.779733
-10.753518 2.342038
10.694583 9.021127
6.239486 5.841857
-14.768140 12.887226
-8.317995 -5.248761
1.589521 10.209722
8.645623 -5.263422
13.633104 5.567881
8.295068 0.737197
-8.970376 -4.376374
-5.839690 -3.902407
-9.190558 5.433807
-5.376815 -6.336580
3.780931 11.369838
8.478337 -10.634075
-10.498145 -13.149025
-4.599209 -0.734610
-9.850228 -10.300228
-14.002807 5.556366
7.712305 -4.173964
10.275056 1.084800
7.578303 9.062535
-0.570589 -14.556607
-11.229046 7.900281
1.960938 4.612459
5.183003 9.227882
5.409213 -11.108007
12.134416 -3.798340
10.049277 -7.343726
3.416811 -13.346697
3.914448 4.349538
-4.989096 6.930178
-7.432011 -4.509149
3.801872 12.668049
1.406175 -9.789779
2.965949 -5.622494
-13.913246 -6.308693
14.724157 14.934654
7.941671 11.262552
-2.393835 -11.479621
-7.739637 -12.674705
14.487460 -9.052285
-1.016259 10.092218
-0.136842 -2.519365
-13.260278 -14.361481
-9.233490 0.789702
-11.617749 -8.764115
-4.512731 12.790012
-11.272945 -14.964291
-4.067429 4.135320
-7.439133 -6.694640
10.528502 -10.188284
-13.934009 -0.820939
1.585046 -2.028040
-6.793815 -1.895339
13.304341 -3.978461
11.790584 -13.933289
14.254488 3.736791
11.278889 -10.963007
0.034336 10.183621
9.288416 10.427078
-4.152064 11.645561
-7.463900 -8.255041
-8.965238 14.017710
2.049828 -0.975650
14.076056 -2.821127
14.834510 10.961765
-6.848073 10.944767
-10.391136 11.101344
3.517581 8.947005
-10.133745 14.558805
-9.695993 -6.534638
6.106755 2.770448
13.139860 12.362689
7.330213 1.059113
11.077529 -4.427982
-1.930068 7.941134
-9.749561 -0.592762
-0.574628 5.018313
-7.320777 4.747415
-6.116324 12.902915
-14.299134 1.170205
11.491244 -0.862515
4.171304 -0.436590
5.698268 3.966558
-5.719684 10.718638
-11.483517 -13.844912
-13.157601 9.825143
9.590828 -14.871789
3.037419 -11.273101
-1.618296 -8.742829
8.861363 3.179371
2.680812 9.606387
-8.573758 -2.629264
5.619958 -9.048426
1.982410 5.725023
-9.054438 8.275315
3.228866 -3.157838
-6.674052 7.202782
-5.679701 14.749646
-6.658568 3.094615
3.860133 -6.140344
-11.472797 -3.748101
-0.719553 14.122436
4.173911 3.258344
7.829826 5.085626
-0.789227 6.649217
-10.613792 4.394141
9.484505 -9.838210
-13.537576 -8.022582
-6.198397 -2.822945
13.907536 2.430598
-0.672634 -5.639537
11.833724 8.818756
0.762279 11.051925
1.055668 1.947223
-5.172852 11.679891
-7.189482 1.929399
-9.568102 -12.694315
3.273691 7.839256
14.288733 -13.371334
-3.634396 2.262754
-8.973845 -9.670900
-6.950939 0.855148
5.885035 6.921993
13.643526 11.003102
5.830043 8.151130
7.124817 -9.098172
-14.639846 -7.088765
-13.397002 -12.299271
-11.526553 13.337106
4.233216 -3.335451
12.213594 14.031972
-14.381705 -4.009411
1.922538 0.530957
-3.101716 -13.813794
6.185820 -13.342699
-2.018722 1.917119
-6.454927 -4.926426
-9.531487 4.448483
14.479992 0.953722
10.836142 12.075127
13.957719 -11.308706
1.081429 7.091216
-5.023508 8.645042
-4.259685 -6.077965
-0.577674 1.061731
-6.502170 13.916677
13.772031 9.712227
2.911116 11.944203
-14.146546 7.867058
1.219717 -2.987465
1.127387 -0.399031
-9.300466 -5.440647
-5.345635 -1.623095
-2.827436 -8.753332
-3.059905 -7.763364
7.104670 -3.162200
-9.664457 9.134003
-2.299107 3.997600
12.321281 -13.069776
-5.094754 4.528383
13.287317 13.678929
-2.379792 -0.443899
9.431481 9.230806
-9.922253 10.204552
-0.507698 9.197535
1.350399 -13.165458
-10.744973 -6.904698
8.687803 -14.239871
4.881476 7.367903
0.084564 -4.973289
-1.327394 12.307464
-9.344162 -3.293877
1.010046 6.063796
-8.383352 4.706956
-3.697273 0.200709
-4.953164 5.592934
-0.085058 -6.684999
-13.074958 -4.230476
-10.353584 -14.216963
-13.952872 13.654093
-3.205767 10.656708
-8.356452 12.864340
-11.256335 -10.615559
-6.222275 -14.258535
-8.308571 -13.601186
3.059189 -1.053045
-12.221229 -14.607864
11.564099 -9.880582
-8.446118 1.428886
-3.809867 -11.343752
-11.795703 2.801282
11.860389 -1.984209
-2.028731 -13.583753
8.118355 3.960983
13.496052 -10.101142
0.178275 -11.469821
-12.381322 12.472595
-11.840316 9.103023
-1.369051 -0.369949
13.125343 3.504326
-2.914961 13.793588
-6.402758 -6.465621
-11.501886 -11.622220
-12.131311 0.621124
7.100044 2.222454
6.351822 0.562557
2.500435 -12.844037
4.800306 -5.754928
2.160273 -11.770664
-0.920982 -13.497047
-3.980759 5.286947
10.772773 6.905261
4.759641 -7.021184
4.944136 -1.552500
11.981397 3.422519
-10.701046 -1.187732
8.999933 11.701215
-12.885622 2.685923
-9.530504 11.987581
12.891427 -7.544412
-6.860065 -3.637194
2.256482 -10.556319
-0.923092 7.956432
3.584069 10.112346
-11.054086 1.160110
-3.401199 -12.638152
9.409039 -12.262143
-5.885390 -9.768892
0.031838 7.287453
-6.857017 -11.982346
-2.692468 -4.540045
-10.002092 -2.272749
-6.371812 8.779443
14.095497 13.005800
9.693345 12.758622
13.240042 0.546355
14.521330 7.427957
-1.732233 9.051370
2.231783 -3.702517
9.384785 -8.817776
-1.716402 4.823974
-0.700830 11.114172
6.340356 12.057246
14.692141 13.843952
13.996396 -7.825308
-3.642104 -1.073594
-10.208540 8.138795
2.285078 8.597512
-2.217774 -2.703068
-11.665857 -2.504205
-6.390099 11.844858
3.028167 -8.995563
-12.804448 8.678828
12.866467 8.867461
6.534753 -1.895050
0.743132 0.941633
9.893071 -4.854468
6.494016 -11.365707
-3.416671 12.787262
14.235146 4.744350
0.472493 13.529760
-14.304950 11.777500
13.715145 -5.676299
-1.843884 -12.376362
5.374244 5.121327
-13.672816 12.643751
6.968962 -12.500825
11.816956 7.748009
11.001737 10.980096
3.614847 -12.329699
-7.642239 -10.750501
0.555226 4.947516
5.572943 -7.624010
-3.961479 13.841499
-3.450293 -3.801978
11.255056 -2.887845
0.361025 -10.225975
-8.705678 -10.644506
10.948758 -6.493818
10.635887 -0.306525
-13.901588 10.835227
14.968030 -11.126776
-5.941958 0.598907
8.726019 -13.079878
7.473958 -14.698791
3.002737 0.332820
12.482133 5.720771
2.589439 -6.762977
-4.513555 1.770392
-2.305770 -5.524507
-0.123019 12.097716
0.051971 0.180448
-0.991988 2.314505
12.325175 -10.666205
5.536524 -5.054420
-11.158030 10.204254
-3.055522 3.288049
-10.350427 -5.310297
7.100296 3.455201
-8.526324 11.814105
12.587174 -1.173567
-1.656413 -14.573787
-10.891463 -7.903102
-5.563303 7.759858
