1.496870 -3.315354
-14.302532 -14.340623
0.166670 2.033707
11.909410 3.584505
9.612818 0.585775
-11.890006 8.953928
-12.229990 10.110517
-0.733252 10.394109
-9.717176 -11.325466
14.293588 -13.228602
4.375256 8.100404
-6.701332 0.830547
8.669566 -1.221255
12.757924 9.310211
12.297007 -2.536525
13.022211 -14.928960
-1.476969 6.975525
-10.653705 14.702525
-10.944949 -6.436680
3.648710 10.138855
7.990595 4.989475
-1.017608 5.931793
0.261911 -9.367107
-8.563821 -2.762155
-3.450855 10.690862
-9.166094 7.108806
-4.771065 -11.319969
-1.256939 -1.745597
3.820414 11.978905
6.145691 1.395227
-1.978238 -13.318232
-8.354285 13.096975
-13.063965 -13.646096
-11.766976 -12.072527
-4.737766 -2.308213
-9.115151 -9.257627
-3.887030 -10.823680
11.199692 -12.594597
-11.031757 -4.186347
-10.373416 3.451260
-14.574826 -13.318129
14.697566 -14.295675
8.419799 -3.693248
2.043992 -4.185980
-1.482494 8.261527
6.991502 -14.716493
0.176762 13.895978
-11.636656 -3.250466
9.282721 -14.506864
7.016124 11.850227
12.836547 -9.168711
6.286963 -13.462176
-4.619924 -4.497791
-10.214539 5.776789
-0.421128 12.907255
5.227541 -1.287138
-13.566826 6.074195
12.782914 -0.611426
-4.873046 -7.005464
-5.246765 -1.432796
0.007521 3.561559
-7.936986 -11.714921
4.710826 9.914202
-10.531807 -3.121891
-3.132220 1.506415
10.705573 12.096981
4.543941 -4.930536
7.332143 6.960342
7.838959 -10.391696
-5.923247 8.311453
-8.647105 1.957447
2.134251 7.451108
-6.150486 -1.912522
-2.217421 -4.423881
2.215223 11.028126
-4.810950 -10.298466
-13.866839 -0.232836
-10.158996 9.202209
-0.021995 6.725304
-3.131905 -14.110630
1.818540 -10.265175
-14.366621 -10.244269
-3.500615 -8.857926
-2.956298 14.415023
-12.062779 -4.252656
2.717205 1.874474
-0.324519 -8.486370
14.747561 9.692531
3.903876 9.150986
-9.175932 -8.123031
0.833307 -5.591596
11.422524 -0.469013
14.411994 0.390375
-7.058046 -13.958607
-1.003230 11.503840
9.577749 7.834964
-5.897432 -4.943870
2.711283 -3.313400
2.919921 -8.088522
8.064858 -4.728689
14.815078 -9.210074
1.933193 12.753468
3.994456 6.740493
-3.985079 11.668411
2.268160 -0.145995
9.032295 11.412448
6.695023 -1.756151
5.204125 6.082151
2.852182 4.448627
12.964009 5.514463
2.535625 -10.973093
-12.527294 5.295321
-6.779266 -7.005716
6.244359 13.829288
-2.931702 -3.655683
-2.935934 11.641646
12.821640 -10.410694
-11.110277 12.670919
0.281255 11.386711
2.905241 0.825563
-13.704277 -11.164333
-4.796499 3.293413
14.373079 -12.221868
7.140451 2.263551
1.333452 13.956419
1.763869 -12.949023
1.638402 -6.245265
1.340994 8.294680
-6.725582 10.528304
-6.395958 -0.361595
3.248718 11.134911
10.193470 -6.759980
-13.426617 4.409225
5.226147 -13.826067
2.805362 -9.726008
10.682765 -1.376541
-6.902220 -10.733104
-5.018707 11.794403
-0.955180 -9.595806
-14.636048 2.661972
-7.489664 9.720932
-5.240855 6.092164
-14.575300 0.483204
11.175862 -6.969425
10.100340 11.192026
12.451045 1.408028
-3.046543 -6.507047
11.376254 13.700237
8.971256 -8.352700
11.524666 -14.707724
-3.702163 -2.239238
-8.114320 -13.740584
5.692639 -11.118950
5.481858 10.863040
7.267288 8.074642
-13.171666 7.090922
0.755501 -10.375729
-14.208163 7.046018
12.106277 2.553143
-4.577737 13.934969
-3.611815 13.598140
-8.469121 3.032786
-8.010583 7.314685
12.243599 -12.393008
2.281545 3.584204
-14.301085 5.122127
-9.792658 13.566152
-4.302880 1.488963
-13.261903 -10.124890
6.062962 5.478561
-0.941755 -13.062824
9.733877 -13.482926
13.509299 -13.868510
-1.046449 -11.046559
3.717917 13.317905
-2.846675 6.576273
13.899095 -0.570863
1.207370 5.813545
-13.695585 3.207843
-11.713285 -7.290070
14.883883 7.856626
-6.112333 2.506288
-9.122906 10.753485
0.505638 -2.914701
-11.138985 0.692643
7.734359 0.232366
-9.150279 -5.385935
-6.745508 13.912771
-3.909344 2.706709
7.584603 -13.835274
1.441348 11.663643
-5.041748 -9.174184
-6.856183 -11.747634
-10.210818 1.734368
-7.980079 -1.789023
-2.325496 0.242938
-5.658216 -12.329108
6.838041 -4.763727
4.735481 -9.839910
-13.940951 13.955440
-9.625694 14.782662
-3.975454 -6.129571
-0.740300 -0.760384
-0.999754 -4.162379
5.617937 -4.930800
10.592909 -3.649870
-11.360405 7.016134
-2.814222 -10.949918
3.363603 -2.398569
-7.389352 0.099408
-8.977667 -1.082636
-0.360423 -11.914110
13.110605 8.239388
12.777040 -4.458046
9.281424 5.005057
10.700643 -10.427013
0.246281 -4.049926
11.145179 7.073062
3.938404 -3.572405
3.400135 14.366473
-10.871452 -13.360564
-12.162846 -1.419650
0.644708 -7.330849
-3.979376 7.980432
10.017380 2.941395
3.693263 -10.202087
8.248552 -9.322363
6.061846 4.034411
6.958096 5.959744
-6.334461 -13.125373
-7.024863 -8.361961
-9.880925 -12.650288
13.832016 -4.482378
5.402607 0.553778
14.252257 2.345404
10.864607 3.735183
0.796826 -0.069259
13.977062 1.296876
-12.712916 -3.455431
-11.634686 1.585799
-7.770279 14.024054
1.511750 9.650657
-5.812157 11.178302
-13.383224 12.005293
9.769425 3.971478
7.272524 1.133496
-12.211085 7.756825
-4.276772 12.838140
8.709904 -0.133570
-10.815935 8.331560
-5.273656 -13.589836
-6.835342 7.560066
-14.061306 12.894680
-7.719399 1.554080
-8.462190 -4.139954
9.845528 -11.416421
-2.988354 4.876308
10.401398 -14.477188
2.393876 -12.142433
13.431097 10.087135
-8.344112 0.671057
-0.082638 5.418511
-13.193147 -1.206671
-8.784587 -12.797870
-4.552947 4.631109
3.180631 -7.113828
11.447602 1.167064
2.885360 -1.349823
11.642373 9.892518
-14.718236 -5.031777
-8.818910 14.039895
-7.824966 10.940497
8.118606 11.912543
-1.938143 2.854615
6.247026 7.667089
1.763302 1.478288
-6.914044 8.626453
3.708553 -5.615746
1.366792 -11.891082
-3.361684 -12.962537
-14.940526 -2.516939
0.392691 -12.943171
4.162873 -6.530150
-10.995882 2.651172
-10.794281 13.660812
-11.735316 -0.196024
-5.696791 -7.935971
-13.041136 -7.013836
-8.990966 9.573298
-11.533787 11.718717
-3.880856 -12.001900
3.794755 3.572490
-12.378791 -14.482367
-2.110487 -14.408702
0.969232 10.544505
13.189799 -1.615244
11.293177 -13.647559
-10.120109 10.222950
-6.245071 6.231628
4.975446 -8.846795
-8.384396 -10.764147
8.068478 -14.767877
-1.060362 1.486409
14.601838 11.173978
-1.826354 14.602962
0.220364 14.943883
10.665529 0.247645
-7.053605 -1.346476
13.094746 2.287421
8.568187 10.497033
11.699610 12.419952
-8.234993 8.449056
-9.391114 8.133466
5.090854 -5.789068
10.476999 13.239449
-9.200515 0.079364
-10.838202 -10.951421
-14.896182 14.651039
13.361256 6.500710
7.483987 9.870685
12.415696 10.579347
12.006003 -11.394691
-12.867582 -8.120661
12.364008 6.414589
7.624086 10.912014
13.259568 3.622722
-1.937635 4.812584
1.884434 -1.136633
1.100417 -1.921410
-13.343412 1.092113
11.000409 -11.504984
4.724257 13.277277
3.161709 -13.000615
-7.278607 -12.710830
12.193197 7.651933
1.268627 -14.844051
2.636963 12.030536
-1.704067 10.730931
-10.348250 -8.875160
-9.447864 12.546287
-3.465379 8.946319
-2.676244 9.999738
1.092723 -4.613645
13.410913 0.422988
11.796463 -9.116496
0.300609 9.430501
-13.018973 2.041308
9.540634 -3.583308
6.213327 6.655421
-1.996773 -7.135692
-12.893969 9.162999
-8.199297 -9.770963
-10.179448 6.977288
-5.734423 14.348077
-2.380277 7.521342
-7.114132 11.890896
-9.142991 6.051790
-14.002536 -3.172202
-1.386480 -8.663692
7.009583 12.985594
-14.430141 10.596723
12.374992 -13.541439
-2.473997 3.725810
3.843216 2.286619
-10.234511 11.464930
2.221219 -14.195365
7.526364 -5.639546
-0.075787 -5.077936
10.482773 5.595428
8.545773 14.290374
12.665291 12.977773
5.142747 -7.629718
-5.927961 -6.464829
-11.984992 4.408435
12.648654 -5.490743
-1.955037 -10.342748
2.323684 14.458580
10.391465 -4.637485
0.583411 4.448748
-7.653870 -3.455617
-6.094049 -3.161800
10.215320 1.468239
5.959170 11.869457
-11.457338 3.543453
13.488435 4.622701
-5.024268 2.246608
13.303940 -3.328300
13.462397 11.286688
-12.741785 3.599281
-12.838523 13.112615
-9.148938 3.982236
14.649712 -6.382284
4.481796 10.937643
-3.430606 -4.824770
-14.308948 -6.588461
3.385941 7.658512
-9.162895 -13.803469
7.163511 -3.227426
9.110309 6.260521
5.836394 -10.102346
4.096924 1.057392
14.358957 13.871401
4.702942 14.299139
1.113804 -13.826686
4.133448 4.518182
6.006993 -6.749791
11.601173 5.727170
6.642354 10.598882
-0.284995 -10.346757
0.106103 -6.442766
-4.309793 0.347461
-8.022219 5.976629
14.115930 -8.474725
12.158152 14.463928
-8.091233 -8.681586
-10.697096 -5.414588
5.169845 7.304875
14.431098 6.443488
7.041113 -7.654173
10.044644 -8.269641
-14.296458 -1.705417
-12.999317 -4.998996
0.414666 -1.005727
13.196095 -6.646572
2.858795 6.681181
10.190670 6.594430
8.621068 0.871689
-8.744855 -6.566678
-8.165569 -7.411559
8.242571 -7.247593
-5.611372 7.251979
5.167801 4.817318
-6.019909 -14.405731
-3.447028 -0.366952
5.708539 14.835710
13.901114 -2.359061
2.510599 9.913769
5.977937 9.780608
-1.817572 -0.670543
-14.011619 -7.636406
-2.308972 13.511137
7.412486 3.840326
-6.640188 3.412398
-12.766541 14.210344
1.269843 -9.286259
13.738690 -11.378554
-5.252240 -0.133858
3.285867 -4.384205
-6.093512 -8.884862
-9.409142 -3.520563
8.573115 9.457675
10.762320 9.121147
-2.885043 2.524838
6.505331 -5.719972
4.884372 12.077817
-0.791628 14.701350
9.668387 -1.906691
14.343603 3.390981
-1.331353 9.523288
7.676467 -11.700748
-7.720589 -4.900083
8.139138 1.818978
9.156841 1.960933
-7.631870 -14.798122
9.492805 10.031333
6.251789 -0.817217
-0.934336 4.671849
-12.299011 6.496302
13.963032 7.419784
-0.673847 7.634622
-0.053571 0.544743
-5.908949 13.303319
-10.595795 -7.500261
-8.652468 -14.862051
10.411881 14.364757
-0.204651 8.561467
-2.197989 -5.776881
-13.822750 -12.651451
12.263769 -3.537199
-2.591473 -1.623013
11.703951 -4.697023
-10.069686 -1.466033
10.148983 -12.567383
-14.552370 11.847074
3.943168 -7.808929
7.809499 -8.394743
-2.527245 -8.080180
-1.142861 0.481527
-1.282537 13.737034
1.923469 -7.212710
-4.244217 6.793799
0.872857 0.939333
10.649913 -9.221142
-1.375977 3.696248
-13.972418 9.506026
-5.046103 -3.279906
8.022670 -2.102046
-7.093236 12.946119
8.303837 7.324878
-13.332587 -9.090507
-1.606457 -11.904338
7.103733 -6.644951
8.049674 6.236867
1.088872 6.860998
-5.761688 3.897782
-2.272312 -2.617504
3.816308 5.725462
9.848388 -5.503669
6.959316 -9.846698
6.837519 -11.073370
4.382503 -12.294407
-3.967566 -9.759946
14.395901 -3.350398
11.734335 8.832169
-2.828772 -11.991880
7.254581 14.083510
1.878576 -5.242017
1.843355 4.871950
-11.359794 -10.078866
14.195611 5.470771
-0.994650 -6.416369
-5.380356 9.900669
-6.373125 9.499078
-6.177427 4.807813
9.729149 8.921682
5.107345 2.683968
-5.947998 -10.157054
-1.998855 12.377569
-11.560098 -8.418839
13.981606 -5.577538
-9.438349 1.050840
5.682730 -2.451808
-4.049619 -1.224920
-13.270589 -6.006933
8.728033 -5.646748
13.367541 -12.757270
-4.597515 -8.099428
-10.242031 -14.187631
-10.263330 -9.939552
8.543586 8.372348
8.111096 13.357508
-14.706193 -0.785761
-10.456879 -0.049335
-6.751430 -4.223302
9.454379 -9.232685
-2.837986 -9.639469
10.663661 10.135395
6.419574 8.738860
9.263164 -4.651924
-5.920712 -11.269090
9.496291 13.934468
-2.113985 1.530984
-1.185798 -5.345547
11.177269 11.124581
0.502332 -11.366620
7.407628 -0.818095
8.851445 -2.683449
-12.892347 -2.360722
3.591657 -11.323009
-0.956986 -7.524370
-6.690471 -5.650788
8.601756 -11.298583
14.530340 4.439429
11.084220 -8.192297
-11.288022 -14.419443
6.783054 -8.713856
6.185687 2.858375
-8.428024 12.000295
-4.593582 -12.812454
12.145986 -6.452223
4.942051 -3.845557
0.877320 2.893682
-4.940840 -5.455888
-11.708842 -5.338723
-9.755872 -6.624740
13.306001 13.875125
-13.314043 10.763876
14.129308 8.639166
8.872064 -10.277784
-14.479869 4.006999
11.189485 -5.788263
-3.256419 12.624314
-0.228572 -1.848254
-7.944224 -0.754726
9.611246 12.579559
-11.527625 5.853035
-4.920369 8.378302
12.570320 -7.649150
0.071112 -13.977304
-12.468155 11.308498
-7.079838 -2.377106
4.588315 -2.290045
14.967691 -7.628601
14.032018 14.890858
-10.762058 -12.168965
8.609655 3.945057
-10.882921 4.453497
10.722482 7.983836
-9.890858 4.665866
-12.723806 -12.680018
-8.604178 5.041157
-5.206741 0.912897
9.179633 -6.641624
6.522072 -12.256704
1.833695 -8.367259
-12.367626 0.726674
4.630378 -11.245814
4.696947 -0.166482
6.527692 0.425927
-3.835368 14.901445
-0.660144 -2.964750
-12.775312 -0.292732
-11.801878 14.654577
3.605948 -0.305031
-11.866089 13.507130
2.307498 -2.389445
2.352946 8.699965
5.089263 1.640544
4.944280 3.834801
-7.213852 -9.412273
-7.142935 5.483772
12.439125 4.565626
5.726063 12.878269
-12.153916 -9.410016
11.767403 -10.308412
14.801760 12.744578
-0.850722 2.626245
13.980922 -7.452874
2.586692 5.659478
9.807654 -0.602145
-7.197357 6.626154
-14.687698 -11.696274
-4.327791 9.731367
14.728830 -10.858396
-12.153423 -6.346971
-4.289695 -14.076832
6.833472 4.700946
0.737643 -8.356201
-1.137740 -14.046482
-3.815344 -7.444741
-7.424200 2.727056
6.034014 -3.544848
4.236901 -14.726225
-3.994548 5.619038
9.133485 -12.310321
13.884849 -10.246115
0.627066 12.503786
5.383349 -12.096061
0.472232 7.707841
-13.924830 8.031781
3.583446 -8.915761
-12.433067 -10.877024
-14.634139 6.084487
-7.911094 -5.953797
1.878923 2.666070
11.429788 4.638137
4.031259 -13.674259
-11.197740 9.797787
-9.499780 2.500071
8.601254 2.895965
2.712322 13.490114
12.632756 11.954130
-9.912695 -4.436981
10.838896 -2.610839
-11.998715 2.648977
-13.813195 -4.278143
13.799691 12.290213
-3.695402 3.720302
5.287708 8.970595
-9.269707 -10.276202
12.255427 0.293314
-5.925415 12.230028
-10.834694 -2.144729
8.510828 -13.286058
-8.008338 4.134394
14.396500 -1.450998
12.064651 -1.498560
-4.935988 -14.936872
-14.385436 -8.594041
-2.027923 5.954674
2.636051 -6.043081
-2.481262 8.559831
7.598986 -12.795563
-9.689205 -2.473066
-3.979897 -3.354033
-14.768241 -3.973935
-14.226262 1.734835
10.882210 2.414031
-4.773801 10.704570
3.956620 -1.445731
-1.743232 -3.468719
3.236230 -14.505993
-13.368906 -14.839581
