6.591661 -13.319055
-3.936865 9.116355
-4.688129 4.282770
4.907078 -8.318524
-3.528495 -1.670276
-0.519746 12.537232
1.517225 8.819919
14.371895 4.989845
-13.889190 -10.158484
10.550113 -0.665570
2.140883 9.637947
4.779415 4.020367
-13.156033 12.368490
14.809827 1.999792
5.492711 -7.184909
-0.855567 13.631517
-7.620839 6.694523
6.044148 -3.208753
-5.004549 3.221311
9.028757 1.962716
8.801977 -2.969695
3.281719 12.592974
3.079885 -0.878268
2.048707 -0.306869
2.710662 1.404645
-3.816015 3.278524
-4.592060 -3.028796
-2.847585 12.013967
14.511764 11.873560
-14.035513 8.032025
-5.516775 13.860024
-3.581447 -2.858352
-11.940454 8.762987
-3.864305 -8.650596
8.373632 -6.025590
8.810571 -14.766205
5.133081 -4.805230
-10.700647 -6.516999
13.493578 -1.644574
9.991001 -2.581410
-11.897308 -12.839572
0.104196 7.518964
-2.426504 9.288660
-9.573993 5.983868
-12.780692 2.494473
-11.575579 14.977899
-0.480134 -1.686085
13.989790 -9.336284
-13.086812 3.836102
2.806585 2.687157
-9.724659 1.355757
-6.349369 -13.771230
11.603659 6.496349
-9.164676 8.517411
10.856538 10.376366
4.017007 -6.146004
-3.715083 -14.903176
-2.800118 1.997619
-0.202661 1.257182
13.250593 -5.724882
8.332058 0.032918
-2.385747 -8.179239
10.737563 13.732111
-14.044625 -6.067401
-12.283498 7.508688
8.631743 11.998102
-5.894287 3.754931
0.385815 0.230351
5.189425 8.479794
-8.390393 -0.827961
9.752855 10.741373
10.697964 12.523051
6.156523 -4.228571
-12.539007 -4.323091
14.640473 -6.145104
0.955769 10.989515
-9.438730 10.523041
13.813901 2.192430
10.609317 -10.200724
-3.160375 -6.307563
3.809647 0.170494
-14.608331 -5.163630
-13.824817 -12.510990
-1.742809 -4.058597
12.917516 2.722798
13.219393 10.504524
-4.901138 -8.872013
-5.841238 4.865998
2.541552 4.744926
-2.535277 -11.723036
-3.690490 0.136151
-6.225574 -4.674459
14.934061 12.989704
12.644077 -2.756634
-0.647680 0.205742
7.389859 -5.499578
14.730763 -2.061380
0.618342 2.042369
-9.512204 -11.332545
-12.389599 -0.498828
4.652498 12.400318
-11.587736 -4.734339
-13.356952 5.061935
11.543808 -6.578265
-9.696412 3.904680
6.125527 0.912461
-5.076671 -10.920741
11.949709 -11.563099
-5.543589 12.591090
6.390370 11.305450
10.771749 14.861655
2.818021 -8.479390
-12.954470 9.547402
-13.375634 7.263350
6.996991 0.153322
-10.914213 5.911614
8.237620 1.057991
-14.398867 -8.042218
1.441712 7.721222
-6.749606 12.091490
7.258025 3.928731
10.501913 4.189855
8.014810 -8.108192
5.901876 -8.431787
5.118892 -13.386628
12.370282 4.589864
8.523129 5.599999
-10.628561 -11.116007
-0.087975 -10.440348
-1.996398 -5.344988
3.363406 -9.341792
-11.046402 -8.976486
-10.632816 9.047578
-2.714920 -3.437011
-6.825887 5.967360
-8.583346 6.377062
-6.486788 7.040278
11.644132 -9.480445
-9.888212 -9.018734
9.786455 2.636725
3.028355 -2.743414
7.540462 14.004709
-13.513408 14.712838
13.991119 7.251434
-11.637086 9.754413
-8.780047 3.503604
-8.690307 -6.843900
-7.454404 -11.574760
-8.816195 -9.378798
-6.108284 -6.905224
0.922309 -4.036298
-6.064170 10.154253
-12.245663 10.606969
-2.376265 -9.518598
7.426293 -12.473973
-0.631215 2.225142
-9.458163 0.321143
-8.346801 9.304507
14.353213 10.281345
4.681968 -14.427303
-5.331705 -7.856633
5.156144 -5.974461
9.367784 9.690963
11.057410 0.640418
0.389891 -5.219124
10.199724 -4.532348
-9.498308 -10.175992
-4.771113 -14.494884
-8.323002 12.374703
-10.829449 1.438732
-11.981857 -8.409148
-2.581997 -12.954585
12.730194 -14.295535
14.195740 -7.230796
-10.017061 5.021981
-0.340155 3.407822
3.453660 -3.943697
-9.528949 -4.724723
-14.586932 1.101343
10.761362 8.484729
-4.774585 10.830283
-12.371806 5.533241
-4.901356 -11.911305
2.161501 -6.652406
6.378543 -5.205341
-9.035636 4.758950
-13.788744 -7.163973
12.972354 6.994085
7.724329 -2.269707
5.623834 7.375124
6.234694 4.314428
1.150568 -0.777171
2.554107 -12.308866
-5.105902 9.848860
-9.398460 -13.407761
-8.375494 -2.401053
13.659053 -10.372878
-7.207873 -4.899474
-4.410492 -9.761715
13.726853 8.231334
-10.662130 -5.247933
11.189496 5.007194
0.367396 -13.794917
0.692284 13.104813
10.413640 -3.537416
1.167087 4.152670
8.687326 10.821402
-11.640748 0.412591
13.171912 0.725941
14.510357 2.966796
-10.039752 -12.313565
6.320602 -10.512304
4.626237 7.037158
3.524184 14.577064
-10.647383 -4.098852
0.714216 -8.240750
-2.077400 13.678129
12.715314 12.688400
-12.865176 -7.930445
2.790556 -13.587272
11.406995 -2.858229
5.502774 3.109782
0.379356 8.508117
-11.546394 -10.088481
-5.956583 -2.299316
-2.314068 5.308359
-14.600402 9.983712
-3.376133 -9.680086
8.747676 -11.108208
-9.738153 -6.145821
3.814468 4.678837
7.656538 10.645850
2.221076 -3.746239
-4.673751 -4.139815
9.629735 3.629194
10.753503 -5.393723
-9.470415 -0.775279
1.060207 -6.943969
-9.663055 13.970248
9.853206 -1.394931
-10.769408 -7.952591
2.112412 12.618788
12.369899 -7.747454
-8.125405 -8.457558
-5.683275 -5.934364
5.790374 -12.630493
-11.760248 -7.411966
-13.950533 9.087860
5.174124 9.499073
-0.686389 10.352353
6.331841 -1.074350
-8.713593 -14.158565
-9.461374 -1.859236
3.857706 -8.300968
-5.525070 7.679445
12.668557 -10.139694
7.141691 -4.435618
-8.870844 -12.147978
2.322251 -5.557058
14.774830 8.906648
-3.663134 -13.449796
4.004972 -13.662187
-14.673088 -13.251205
-10.537378 0.284448
-8.841380 2.061877
9.745871 11.964804
-8.176141 -4.632528
10.656320 -13.390192
11.817378 -5.485340
13.583758 4.164038
-11.265148 7.987746
-7.020639 10.647873
0.854030 6.231778
10.616190 11.387499
-10.750839 -13.222533
-7.652096 -10.432441
-13.956069 3.321345
10.414892 -8.701906
-1.750963 2.314520
-10.031575 2.523820
7.080776 -3.436134
-14.564339 -4.097059
6.354241 8.202130
-7.769981 -14.961247
-4.286912 2.392736
4.503859 14.304341
-8.236020 -3.451784
8.802828 -1.805355
9.313095 -8.881013
14.582684 -8.444185
4.718774 -3.700720
1.045372 5.206988
-2.765929 3.306334
-12.095399 13.925614
-14.093952 13.746831
-0.798947 -14.315210
11.624361 12.922442
-12.555348 -1.584370
4.066688 -2.725862
-0.581261 11.481568
-2.825452 -4.728471
8.400283 -12.797465
9.427426 -12.256875
-7.929806 -6.107596
-6.885243 2.638214
-8.004344 0.814602
-10.246543 -2.497298
5.078442 11.420387
9.793525 -14.557935
5.229434 -1.549098
-14.998985 -10.142508
9.694561 7.107470
6.523229 -6.256440
2.104119 6.906843
-4.775772 -6.500585
6.240229 9.198577
10.922376 7.348571
1.547535 -12.320460
-4.529726 8.133265
11.061332 -7.544264
-12.899947 -13.423689
9.166648 -10.139494
0.022272 5.421046
-6.577051 -3.727291
-1.844662 12.578195
-2.566832 -10.613348
11.490203 -14.155689
3.406040 3.689793
11.682252 -0.778201
2.982627 13.652891
4.065689 -10.364546
-1.982396 -13.790816
-4.633837 -13.156748
-3.746182 -10.611657
13.153189 -11.297827
14.356545 0.196832
-12.330980 1.156971
6.569602 -2.311024
9.535305 13.072581
3.208721 5.641615
-6.886579 -2.756761
-14.380621 -1.388116
4.463732 -7.371898
-13.604942 10.335632
-8.912493 7.363372
11.529673 -12.594862
-13.473269 11.371020
1.150983 -5.895341
-4.099919 6.283940
-13.451606 -0.762323
11.458227 9.232177
-11.800331 2.095608
1.977732 5.836992
12.245718 10.955279
7.330078 6.268916
-8.163114 5.427929
7.165143 12.983029
12.351935 9.684556
-6.800566 -12.864394
-1.338985 -9.822046
3.652023 -12.435855
-11.848129 -11.048485
7.598573 12.041213
5.073523 -2.567176
12.054748 5.584906
9.580626 14.121758
-6.603762 8.130220
14.367714 -12.843969
5.930852 -0.076107
-6.823224 14.678943
-3.200776 4.284946
0.108904 -0.875514
1.889888 -7.653229
-8.647342 13.411741
-3.515183 5.391512
-3.264716 -7.502224
-6.509475 -10.884699
-1.757145 14.925823
8.916400 7.760903
-8.732716 -5.484357
4.700033 -12.208048
10.004073 5.188911
-12.818227 -5.926426
0.695999 -11.572313
-0.119389 -9.439155
5.360657 -10.231572
4.665848 -0.580149
-10.498841 -10.123163
2.181843 -1.505157
-4.774703 1.329964
-1.401893 9.323596
-11.827970 -6.168173
-11.794314 3.165417
2.945256 -10.391101
8.230820 -9.249498
9.728051 -5.686649
-2.172869 -6.726195
14.151343 1.190546
-2.749401 14.727162
3.187541 -6.883458
7.243199 1.163571
-6.715302 -5.890455
9.960044 0.150467
14.079583 5.978267
-14.795650 -7.095743
-0.708539 -4.076335
-9.938872 11.444376
-6.791925 0.618554
-1.496560 3.471386
-9.332196 -8.105049
-14.480563 -11.039767
-14.946243 6.689221
-12.576208 6.531714
8.004208 9.633648
11.934924 2.186851
13.429970 14.874043
-10.710438 12.256984
-14.830932 -12.116098
10.967750 -11.159206
4.316053 5.849974
-5.758402 0.918517
12.214676 -13.355468
7.012882 9.836232
-1.077737 -6.231955
-1.152976 7.046033
3.817564 1.299862
-10.433820 -1.181258
-14.651528 -9.173005
-1.711168 7.954647
-11.116855 -12.159171
0.647044 9.970141
-11.302673 6.933556
12.818886 -9.064345
-0.278245 -11.803835
-2.976602 -14.192959
4.288306 10.268015
9.872041 -11.046587
-1.560243 -1.943555
-7.291428 9.033972
13.807185 9.307576
7.810259 -10.419866
12.064378 -3.629441
11.498520 3.664950
2.988567 10.192607
9.226336 -6.670642
14.431731 -4.036323
8.553138 14.265566
-7.403283 12.883674
-14.848183 -3.002004
-3.238699 9.899095
2.105194 -9.761889
-3.463786 13.946221
-5.199224 -5.009190
-4.517599 12.953470
-7.677753 11.465843
-4.938343 5.559990
-14.567073 14.639446
5.348695 6.216302
11.379670 -4.533307
6.714566 -7.758729
14.057831 -4.967051
4.185235 -1.590484
0.446593 -12.674564
14.067101 -3.029416
-7.500723 -9.246821
-6.411358 13.294504
-8.929701 11.462257
-12.957373 8.400873
0.050695 -7.288528
14.973527 7.889190
-1.327858 -8.525908
-6.104438 9.038890
2.621747 -14.630013
8.174842 4.358850
-1.084404 -2.928350
9.336920 0.998835
6.877820 7.174204
3.618785 6.575454
-12.143854 4.218358
-6.634926 -7.766573
10.480054 -6.551698
-13.542074 -8.989988
9.388496 -3.849884
-3.589718 -11.810620
-13.577035 -5.038553
14.488701 -14.887967
5.572849 14.669112
5.874104 10.222400
-0.273213 -8.427938
8.275363 3.225724
9.958576 -7.662582
-10.532647 -14.225036
12.536551 -0.200538
-7.595003 13.942192
-7.257657 3.668765
-10.704136 4.131999
-6.491885 -9.576816
0.985176 -1.787209
-5.915619 -8.719966
-11.308320 -3.144398
-7.912920 2.859600
1.420948 -4.907828
4.135149 -4.712736
-3.110981 8.421631
8.626672 8.843932
10.549107 6.379563
3.338745 -5.331499
9.552044 -13.533317
-3.814460 -5.486825
7.490808 -6.962741
13.555737 11.578736
-14.158355 4.414478
7.907868 7.657085
10.917527 -1.967935
-7.387349 -0.459191
-13.721966 -14.154472
7.400214 5.021372
-12.782506 -9.663418
6.300398 -9.475943
-3.039677 10.959466
12.826929 14.074330
4.828804 0.537340
4.937403 1.785947
-1.202026 -7.408424
-12.709497 -6.926462
-10.295093 6.812175
5.737784 -11.572578
9.136873 4.657141
5.687120 -14.229491
-0.943824 -5.212421
13.770625 -13.762640
8.323904 12.969190
12.209892 -1.693950
-8.619224 14.467419
-2.605432 -1.127303
-13.708453 6.095794
-0.590277 14.603937
-1.851602 11.499426
3.526854 11.562979
-11.041825 11.273738
-9.743430 12.586698
-9.347938 9.516283
6.389611 14.046842
1.664403 1.814228
-9.820306 -7.189879
1.079736 -3.004831
0.026371 -2.574277
-10.594326 14.747965
6.552923 -14.815192
1.982240 -2.563396
-0.221815 9.436186
1.276206 -14.811874
7.806284 -11.455177
-1.647020 -12.565729
13.260936 -12.827736
1.221233 11.990747
14.919318 3.982733
9.022243 -0.806896
-11.245067 -0.557800
2.766323 0.391082
-1.167487 -0.649361
-14.393316 12.147844
-12.002300 11.672129
1.351270 -13.476007
1.983187 10.650232
-5.594926 -3.294671
-6.358937 -1.130103
-0.211660 6.504818
1.873254 3.398835
7.865287 -1.133097
-4.983516 6.816552
-1.531064 -11.328337
10.530191 -12.378049
4.812905 -11.141009
-14.503860 11.144884
-3.431434 12.932448
-2.555362 7.140479
-11.094042 13.768693
-1.990776 6.297380
13.230235 -3.667296
13.505485 -8.244453
-9.638355 -14.785993
-9.472369 -3.188899
-8.493386 -11.011178
-0.050997 -6.209895
12.752611 8.727178
14.245394 -11.267750
-3.595037 -3.962488
12.889433 -4.782346
-13.708538 -2.959031
-12.097598 12.691550
14.808128 -0.802537
0.844806 -10.048212
-7.882808 -13.019259
-2.766101 0.858279
6.515324 3.243420
-11.282290 4.968513
-14.629853 5.705898
-1.050373 4.542918
-4.543251 14.463990
-8.071281 10.539955
-10.236063 7.891209
-13.339339 -11.113003
-3.632646 1.363416
7.151220 -8.764001
4.109354 2.392784
7.357880 8.694962
5.183408 4.987846
13.510043 -0.512849
-5.626067 -12.931355
-7.246235 -6.967435
-11.562214 -2.162394
4.277575 8.898851
-3.877704 11.592021
-8.061607 4.380107
-1.891901 0.297409
12.861799 1.697771
-11.765445 -13.904211
-4.156427 -0.886953
-5.146529 -1.158642
3.251045 8.950931
-12.509566 -2.935688
-5.658670 2.067230
6.300207 5.824537
-13.512389 -1.921516
11.850982 11.899586
7.736909 -14.597856
-14.224636 -0.114261
-4.546858 -1.992913
-7.426514 -1.536716
7.556232 2.432151
-7.566169 1.767525
0.806402 14.178604
2.461729 11.597689
-6.039965 -0.169509
-2.487211 -2.409007
8.618466 6.790717
-5.793123 6.124259
12.029949 0.929273
-13.070305 13.438384
-8.052379 8.091398
-0.805898 8.450771
-7.337497 -14.015299
3.586465 7.954539
8.958427 -5.047275
3.291641 -11.425795
-13.995732 2.263722
7.608947 -13.560885
-13.551195 -4.013606
-10.626513 10.233051
12.896059 -6.789515
-1.468493 1.222661
11.794788 13.907959
9.483837 6.081668
-0.464257 -13.111031
-12.582816 -14.829459
-4.248070 -7.718201
-2.001957 10.302274
-1.022102 5.843253
6.257918 1.997537
6.189001 12.291760
4.725813 -9.448927
11.839728 8.065182
13.247710 5.400889
-3.560192 7.220454
2.452575 7.870955
12.055819 14.963982
5.403327 13.172653
-13.201121 0.654125
-6.031996 -11.834662
10.343186 1.627219
-7.177100 4.882510
0.753606 3.187914
2.043914 -10.937047
6.748517 -11.557542
4.104638 13.276751
10.394642 9.473386
13.744468 12.602822
8.949302 -7.638701
-5.472222 -9.911092
9.643054 8.683853
-4.934220 0.054332
10.865719 2.882307
0.218811 -14.796147
-5.633898 14.878812
-12.682401 -12.122397
1.877578 13.941876
14.190094 13.834058
1.381835 0.850248
11.713625 -10.492537
1.401965 -9.002456
8.187301 -3.799608
11.601687 -8.446455
