-12.222941 -6.455676
-5.236404 -13.423581
0.088927 3.138992
5.698735 14.060030
-4.122417 -10.333862
-14.088829 0.930420
-14.513541 -10.334157
6.493049 -3.199644
-10.823540 -11.393627
9.398500 12.582576
11.857339 3.931877
-6.515149 9.789616
-10.124174 7.582418
-11.550902 5.964574
-13.565364 10.890634
-0.757529 -6.437417
-6.176015 10.732502
1.571881 0.700468
-6.229860 -11.765480
-5.110414 -10.075879
-13.507577 5.416781
5.035197 2.014848
3.354615 -7.440513
6.740629 13.545202
-5.869579 -3.143610
5.908618 -5.062644
-1.127431 -7.477471
-2.617815 11.454643
-2.962142 6.632400
-13.717118 -12.531532
-12.758082 -7.586507
-13.520833 9.877163
-1.318044 -4.609961
8.087989 1.022728
6.987892 4.509975
14.598199 -3.308502
8.152834 -12.341791
5.748545 8.724030
9.131618 11.586405
14.907426 13.701136
-3.583564 4.356038
13.908537 12.313556
-2.526518 8.534524
12.735898 13.031368
14.457542 -8.051286
-0.782593 -14.566916
-13.700349 -13.694088
-11.331183 -7.214243
4.945502 13.150108
-5.022422 -3.727797
4.070844 5.871356
13.556201 -3.914101
9.229205 -13.515480
-10.253144 8.914437
-1.832326 -6.679676
-2.389193 3.548146
-9.486669 -8.513965
-6.992164 -1.551021
1.779389 -3.712575
9.562875 6.617779
12.717977 5.876848
10.122238 11.833684
-3.126843 -6.213219
-9.832141 14.306122
1.974756 -14.491476
-14.695533 1.820644
3.775014 -10.938566
0.991872 -11.249233
-6.032460 11.978398
11.403322 -9.978466
1.484201 10.590455
-12.183013 8.162029
7.632635 10.721939
12.901404 11.925093
-4.707137 11.702910
13.917303 9.363874
-8.769540 7.130404
-14.513487 -7.464113
-8.674632 14.460235
7.073269 2.937809
-3.956618 -1.734892
2.829164 -0.846728
-3.704778 8.649071
-12.324064 -5.459461
-0.922594 -2.272083
13.512627 1.293111
-9.032857 -13.554685
10.982844 0.647327
6.687989 11.147221
12.889387 -12.321910
-13.109725 -11.513597
7.447293 -1.257539
-11.401761 12.245352
14.415996 8.269382
2.726073 4.057768
-1.582173 -9.545273
11.949793 -0.957630
-11.195396 7.465455
12.409867 0.986927
3.357860 -5.168778
-5.516394 6.800949
-14.140625 3.521305
3.736323 3.702632
-11.139259 -8.654690
1.892712 -4.883046
13.765459 6.493200
-14.448927 -4.665463
-10.827081 1.358107
9.336809 -5.260331
9.474966 9.388181
4.633008 10.902125
-4.568754 7.568797
-0.391227 1.191655
-6.854699 4.045932
1.471396 8.284894
10.613352 3.968114
0.409977 -2.928014
10.670543 -10.956862
13.940461 14.618316
1.121514 7.154380
2.020347 -11.169093
7.807377 13.635276
9.514288 4.219169
-2.764007 13.709265
-12.695116 -12.460743
11.044832 10.898182
4.366869 -14.527641
-8.572842 -12.480432
3.697539 -3.716109
-12.838724 -9.448337
-3.555624 -11.287175
8.161361 -4.503963
-12.591055 14.806279
8.042605 -2.480166
1.917229 -12.312610
10.578620 2.053898
-10.292800 11.565364
4.085841 -13.494130
12.859924 2.176729
-11.201734 -6.118153
-12.320876 12.768904
13.725142 -7.362386
13.627535 0.265895
-6.743065 14.880012
10.541708 12.968558
-0.501982 -9.323818
-8.634172 -0.243409
0.195039 10.476159
-14.774158 -2.377328
-8.123909 5.277067
-11.202470 8.586905
5.728856 -11.596728
-12.999641 8.949313
12.696181 6.986389
10.863787 -0.645443
-10.966422 -13.714582
-9.288224 8.268233
4.118915 -5.819714
12.020164 4.981304
7.545849 14.669682
12.484717 -13.254147
-1.799005 -1.541816
1.841468 1.824753
-7.433145 10.223328
-2.694734 -13.820335
-14.019613 11.794159
10.408675 -5.429902
2.782164 -4.162060
4.678907 -10.260905
-14.293353 4.521038
1.824174 -0.293044
7.054320 7.350508
4.421866 -7.980520
8.423733 -8.439925
3.181201 -8.444394
-3.940157 2.067266
-9.778305 -0.481145
-13.929111 13.168188
-2.760878 -11.958898
-9.358253 11.125667
3.707741 0.215991
6.083035 -12.771209
3.955003 -0.874819
-6.563517 -4.081199
-14.325757 6.721923
0.687939 4.008429
-14.730427 -5.811000
9.745100 -10.447318
-3.396574 5.355587
4.637933 9.031003
-6.795873 0.614901
-7.255003 -0.355956
-0.525216 -12.506088
-6.160629 2.494227
-9.407464 -3.653544
-5.719308 -9.145870
7.784805 8.131427
-10.181822 12.592409
14.364941 10.409545
5.489322 -9.300079
5.824924 -3.988973
-6.788328 -7.739509
-12.347847 -8.504215
14.214799 2.169087
-7.331023 -5.838497
-12.345264 11.661500
-13.392104 -0.338951
-4.786294 -5.087758
4.492017 -9.012038
-9.574090 -12.141687
13.312531 -0.974307
4.706318 -3.719446
0.985388 -1.247096
-2.979233 10.494951
8.579775 10.177432
7.428978 9.359575
5.740005 1.179117
2.449827 7.480730
2.242534 14.518190
-11.331589 -1.409068
8.857212 0.225635
-4.825343 -8.678357
-9.698107 6.511268
-2.662038 -0.037688
9.100770 -11.391577
6.349775 -6.000095
-1.453515 13.214222
5.247270 9.877882
-1.556284 -11.081076
14.696676 4.293840
-12.202822 -13.333545
8.838182 5.050146
1.429504 -2.760544
-10.821434 -12.626893
-10.175245 -1.646601
11.258635 11.921662
9.985099 3.082111
10.108625 0.043642
-0.585552 -11.348217
2.273901 11.231681
-10.142797 -4.395243
11.691272 7.211759
7.519825 -5.873024
-6.507846 -5.240906
-2.036264 -3.785692
0.523899 0.408645
0.614711 13.835432
-13.294683 -2.691785
-4.764836 1.165432
14.795518 0.918122
-10.007874 -13.310608
10.525003 9.212094
-0.224385 -4.123372
5.253464 -7.115308
-9.627960 1.647897
-10.406531 -7.712448
11.869483 1.859911
13.195374 -4.942926
-8.472756 9.093679
-8.496677 -9.786615
-8.284357 -10.879507
-7.624581 6.678306
14.540565 -4.570727
-11.966313 1.289157
4.064354 10.071007
12.627129 -1.873408
-12.464410 3.492330
-8.240138 -14.387963
-2.329257 7.504671
-9.544822 -5.908076
0.017205 14.755009
-5.403469 3.526912
14.485799 -10.247872
-11.064683 -10.357356
1.640391 13.716122
-8.570427 10.488804
0.036497 -1.659557
-2.277168 -12.898709
-8.410214 3.014285
-7.047195 8.014288
-8.397833 -5.487690
-3.363276 -12.886583
-8.607508 12.195109
-1.659308 -0.429608
5.209757 -13.656843
4.302986 14.004789
3.499882 4.766272
10.897028 -6.720068
-12.019749 9.239639
7.752098 -11.354177
12.588489 -0.131484
4.967382 12.000332
10.573761 -12.330573
10.604892 -8.100132
9.575413 8.313477
6.997821 -4.763887
12.783508 14.171206
13.712393 -8.996873
-14.967178 -12.726599
-2.189604 14.718590
-5.524580 -14.812907
-7.905419 -2.586587
10.497547 -2.451266
0.903173 -6.434096
8.936770 -7.305073
11.015582 5.040142
-4.568315 -6.266505
7.916821 -9.311400
14.897809 11.715991
-14.831369 12.718358
-1.305439 4.299575
7.295098 -14.331395
11.410725 -13.004770
11.914801 -4.437414
-6.159843 5.744560
14.634021 -11.454188
-6.407902 -6.466749
10.515503 -4.416886
-10.822767 9.788658
0.492866 -5.499459
12.640042 -3.468798
-5.653158 -4.573772
9.585147 1.039424
2.911799 -2.791512
-12.504445 5.460183
-3.730717 -5.391747
12.447240 -10.009731
4.694390 4.867600
5.847999 -8.254857
13.582740 7.675657
14.993425 14.964382
2.992683 -11.760763
4.617111 7.941939
5.348239 -14.830527
14.065495 -13.528081
3.975745 -2.537971
13.432678 -14.363915
3.378769 14.467401
5.283159 -1.030919
10.056447 5.523117
-7.343760 3.131310
-4.749184 14.477307
-2.476799 12.662821
2.684915 5.537960
4.710926 -11.395973
-13.596330 -1.665065
14.228392 -5.591008
7.007938 12.567729
-3.120491 -3.866995
12.472675 8.074899
-2.240190 5.876038
-0.404360 -8.191708
-1.668807 0.693755
7.023535 -2.188580
-3.713879 0.976849
-5.653117 -7.995649
-14.924819 -13.991852
1.982212 -1.922579
-9.094110 -7.061608
9.955125 -3.347023
-3.525335 12.852652
-11.893831 10.250312
11.321791 -8.839528
2.870410 -10.432160
6.169038 -0.518200
2.824168 0.781911
-9.416964 -10.784977
-4.001399 -4.342598
-7.392257 9.165890
6.962621 -8.615941
-1.496763 1.698180
10.046567 -7.248770
-0.439091 12.285078
-0.787242 -1.069024
9.318779 -4.144126
2.853385 2.930301
5.778454 7.669532
-2.737686 -8.874768
-4.752641 0.160351
7.554663 -10.302928
0.443573 8.234892
-4.093879 -12.163368
-13.668996 -5.350368
-13.987156 -9.395433
-7.790400 -8.965030
-5.206745 10.179024
-1.440186 8.004845
-9.336901 -14.519630
-12.089938 -11.423955
-8.583414 -7.935884
-4.843885 4.670673
3.326722 6.803176
5.975676 11.875129
-1.499278 -12.147071
12.362678 -11.015305
-0.516948 -5.374735
6.317394 9.722673
-14.364629 -11.737583
0.710679 1.770163
-7.077314 12.154891
7.515719 5.634913
-3.801345 -8.911684
2.869777 1.926635
-3.147273 -2.756768
-14.228976 -3.586050
11.828170 -7.937816
13.991270 -1.788119
-13.271042 -4.188170
-0.434221 7.623763
6.758252 0.372124
-6.272928 13.073124
12.490632 -8.957764
1.969990 4.832074
-1.904753 2.623726
6.068770 3.477184
-0.229327 4.559967
10.381924 -13.498083
-3.699943 -0.053624
10.880021 7.978265
-7.528039 -12.691281
6.516341 -7.243315
4.905746 -2.143561
5.933063 -1.925135
3.773878 1.498680
11.910095 -14.991757
-3.952933 10.839112
-7.979247 -6.968441
-6.882167 -3.044569
-8.099943 -1.382142
7.704781 -7.626111
0.917160 -14.806013
8.432927 -6.423921
-12.025274 13.779916
-14.119142 8.991071
-10.357487 -14.778452
10.470587 -9.383005
14.871422 5.973491
-8.129886 8.070095
0.242189 -10.385177
2.106608 -8.496026
-3.205655 -9.802165
-10.779027 4.390927
-0.396156 13.728174
-5.132741 -12.423182
-9.371787 2.647053
-9.908192 0.632356
-0.927087 5.465003
11.609243 12.915664
-10.706682 6.514977
-10.578249 5.490337
12.982960 9.006768
-13.216795 7.617828
-11.108962 2.348180
8.600247 -3.356292
3.143843 -14.325895
-2.969369 2.505253
-2.146754 -2.543830
2.152740 12.602985
12.824906 -7.844388
-6.492034 -12.979829
-7.025796 1.589669
-8.791103 1.053210
-0.014718 -7.261965
-2.563674 1.476710
-7.624170 14.218007
-4.440957 -7.727033
-0.001573 6.662326
-11.432783 -2.419337
-2.857534 -1.216708
1.977648 -6.878690
3.311371 11.051970
1.914417 6.438010
2.149401 -9.498980
-7.722374 -4.744393
-4.779028 8.763144
-3.325997 14.597787
-12.438506 -3.585807
8.284805 4.161930
-3.483717 7.615977
8.714946 7.700572
8.800382 3.304022
-6.708931 -8.903661
11.557122 6.218927
-9.967544 3.777334
7.186767 -13.118365
-13.052451 1.404491
-9.177332 -4.680631
14.364237 -0.682462
-14.007640 -14.691952
-13.468110 2.714990
3.158351 -12.898563
-11.208886 -3.640377
-7.143707 -14.027449
-4.653920 12.836546
-12.291447 2.356196
11.492964 -3.135987
-10.193089 -9.668842
-5.489348 -5.822077
0.948644 12.757378
11.887483 -6.481353
-7.914600 4.281256
-6.072859 14.103571
-13.940172 -6.613076
4.274529 -6.841180
12.565685 3.166945
14.636598 -6.685231
-5.809983 1.263038
8.614222 8.825117
-0.790351 -10.284722
-6.083666 -2.062590
6.331313 5.486676
-12.226530 7.140182
11.935541 9.728196
8.102962 2.286947
-10.071906 -6.758782
-8.727742 6.093752
-4.125407 6.330652
-13.295940 4.234168
13.559644 -11.483388
2.982661 -6.451808
-8.159012 1.856083
8.644497 -10.481662
7.484808 -3.362501
3.404581 9.186597
-12.790524 -14.195534
8.547644 -0.892112
2.117299 -13.441414
0.164479 -0.595055
1.087725 5.375073
9.240875 13.579339
-0.867692 2.749718
9.269276 -2.460867
-11.318573 3.385991
-12.364829 -1.950651
0.079883 5.656400
3.474254 7.908774
-9.438417 13.355091
5.716528 10.879229
-4.999548 5.804271
6.038657 2.359421
1.895927 9.600213
-14.582635 10.312301
-1.267217 6.417064
1.674393 3.811524
-1.942365 -5.436349
12.142707 11.161146
9.314372 -9.409790
4.505225 -4.737628
-0.774004 0.099880
-7.911193 11.385174
12.814717 10.350996
-1.582544 -13.715055
-4.759328 -2.511807
-4.321499 9.679676
1.331578 11.700990
4.989904 3.411693
-1.389426 11.955456
4.092591 -12.239511
-1.086573 14.459327
-10.697713 -5.228727
-4.893462 -0.831895
-13.041638 13.770591
5.755779 4.465209
-6.142455 -10.416992
13.235752 -5.962960
-5.349173 -7.005019
0.959103 -7.964003
9.454247 -6.389868
6.518383 -9.627876
13.620229 11.211091
8.364580 12.621752
-4.400649 3.525897
1.427663 2.822297
-6.039518 7.963537
3.900004 12.675991
-3.401121 -7.981935
-13.222896 6.394841
9.483383 2.184650
1.265971 -10.220279
1.053210 -13.726385
-8.951477 4.004115
6.104466 6.637364
-13.389976 -10.378720
11.287293 2.862204
-2.399638 4.693249
9.536153 -8.123123
11.909991 -11.975539
-7.882430 0.465006
6.441733 14.941797
-14.817357 -1.261693
13.976058 5.348159
-5.921456 -1.075077
3.376528 -9.495068
11.783872 -13.986660
-11.317103 0.330231
7.709587 0.054494
-6.603390 6.771720
14.930292 9.437607
0.735511 -9.041453
-11.456598 11.186947
-2.578977 -10.934785
13.470322 -2.820795
0.015684 -13.839423
-7.425243 -11.500878
-4.115920 13.682219
-9.074190 -2.329276
7.011544 -12.116880
-5.894733 8.987544
13.526086 3.897244
-9.774936 10.114746
13.484926 -10.011151
6.699615 8.336204
0.418867 9.482064
5.959114 12.920950
9.794407 -1.451191
3.372609 -1.705426
13.022499 4.793588
9.980075 10.440544
9.395537 -12.398497
11.575984 -2.127054
-0.883455 10.075838
-1.700670 -8.545297
-3.049320 9.484472
1.851987 -5.882775
-13.368120 -8.516597
-5.825876 0.211485
-14.182794 14.156237
13.847592 13.455379
-12.743792 0.453083
4.104600 2.659835
14.768620 3.225385
11.621576 8.772867
5.347907 -5.923912
-4.009936 -14.201646
10.751372 -14.605424
6.303429 -13.860555
-11.837772 -9.577115
-8.427560 13.268102
5.517179 -2.956460
14.649494 6.978604
0.529462 -12.488690
-7.161529 5.622757
10.081115 14.139003
4.606885 6.877337
5.204347 5.925108
4.973657 0.006977
-4.722092 -11.316984
7.905275 6.575826
-8.365581 -3.960736
-14.811235 -8.811190
-3.591968 11.790312
9.021138 -14.498511
8.545368 14.362324
-9.425757 5.054699
-1.564516 9.281685
-9.145360 -1.263878
7.134023 1.660057
-11.683067 -14.638447
-14.650996 -0.128242
-11.244937 14.439472
5.766401 -10.438188
-5.083799 2.548214
2.727254 10.220434
12.015775 -5.462757
4.743364 1.031420
6.679506 -10.949349
0.309864 11.619061
-1.122004 -3.316008
10.625781 6.968221
-10.150824 -2.767996
-5.985584 4.692644
8.232016 -13.717234
-0.557533 9.012902
-6.129304 -13.966613
3.003639 13.190264
-12.075166 -0.457557
-7.203964 -10.192300
-14.704970 7.775854
0.831975 -4.478961
-10.999067 13.196986
5.108467 -12.413436
3.079759 12.088688
-1.929241 10.672303
2.610747 8.520821
-2.365746 -7.692306
-7.433106 13.143240
-2.733386 -4.823559
-0.799261 11.121791
7.691002 11.791568
-11.617965 -4.595042
-11.722540 4.825517
