11.515239 -5.018597
-2.672652 -11.142250
-3.867689 -10.233448
8.245721 6.981288
-6.120804 -1.544030
0.400883 0.994717
7.265191 8.586975
7.835714 -8.969315
-8.459694 11.294467
-9.761319 10.731576
13.941857 -1.520548
-4.103973 -12.937779
-2.951418 13.599111
13.317410 5.060499
-6.036235 13.031740
6.342256 8.026394
-1.642339 -13.146566
13.842715 12.446834
14.083504 -13.478215
-1.664723 13.728513
-1.111347 10.713452
12.094677 -2.019624
-9.595521 3.520420
-10.321778 -5.510937
13.392358 0.799417
3.212461 -1.944757
-4.949749 3.777435
-10.640082 0.583205
-3.327078 -6.961002
-1.290097 0.000002
-0.233442 -14.880015
-7.839308 10.282295
0.900661 2.360023
-8.135609 9.003022
14.430756 0.839575
9.968723 13.905459
8.100341 -1.192141
5.236566 -3.077825
10.742699 12.557937
-11.609570 11.356811
-12.347466 -1.618433
7.397862 -11.213587
-5.853716 -9.571868
13.275414 2.923779
-2.821358 1.317250
-5.609045 5.742319
-2.428258 0.351427
1.142156 -9.803525
3.455294 11.401796
-7.135727 -9.238452
-5.707486 -14.399704
-6.149984 1.283059
6.069177 -13.728291
-13.762591 -1.466835
-12.326823 14.941717
-1.215172 12.731830
10.256594 2.069429
5.831243 5.819796
-1.551258 -4.316715
2.371384 -5.132364
4.130846 -3.402916
-9.326339 -5.138789
-9.951244 -12.534785
-14.295101 7.283886
-10.267284 5.935103
-8.686639 -4.349926
-8.381779 -10.821589
11.461305 -6.874303
1.278647 -7.721061
-7.466153 4.766051
-0.335826 -9.827776
-12.037062 -3.766892
3.619819 0.242271
-2.749864 -10.074686
8.705023 -5.783399
3.296743 -12.504322
-13.398292 -7.040841
-12.070188 0.240140
7.074725 -6.984294
8.434175 -2.466027
3.407753 -7.091069
0.510237 7.307165
-9.184053 1.112455
11.519331 7.462200
10.077367 5.347205
6.321612 3.696249
13.614572 14.636578
3.049697 -14.348247
-9.375878 12.902545
10.242246 -7.431024
9.797082 -12.959347
0.918669 4.650389
1.856973 -2.787214
-12.804817 12.899354
6.459960 11.698454
4.950971 -10.444873
-12.177910 -2.610094
8.852762 13.114624
8.307956 9.698520
-11.104689 -4.766619
-13.214944 -6.050622
14.508691 -3.519479
-11.608179 2.991305
-14.842703 -13.475308
-8.191320 12.399042
14.606460 13.264289
-5.840711 6.741534
-7.103673 9.493509
1.887453 14.869749
8.489506 3.168198
5.999854 -4.865613
-13.861920 12.757153
12.296633 2.702943
-0.186321 -5.394723
0.180311 -7.133226
5.464109 1.613208
-8.442288 1.820566
-13.129966 -13.064037
2.252457 2.101844
-4.790476 -9.334740
7.802439 2.193810
14.766337 -10.998793
-3.061815 5.768030
8.169893 -0.177089
7.334731 6.269163
6.725242 -8.006756
-3.553851 14.701094
13.120777 -12.808221
-7.908637 -12.870535
0.519156 -2.561113
2.832967 8.551932
-14.297433 -10.564943
-6.768235 7.156087
0.455391 -13.680866
8.278393 8.222561
-12.252443 5.517176
-12.517482 11.916176
14.598719 14.395484
-13.405413 -3.704085
-4.768578 -1.458736
6.746134 0.917437
7.561270 14.632579
-1.578981 2.856486
12.423386 6.960851
0.538457 9.490026
-10.581247 1.806713
-7.121923 -11.274232
12.066171 -12.317084
-4.147221 -6.133558
2.832109 -10.865455
8.259154 -6.712759
14.421260 2.059433
-0.448823 4.237418
14.975339 -2.423881
11.348626 -9.796020
-14.477757 1.593233
-2.137499 5.364853
-0.858180 -2.393209
13.406275 13.408703
12.917099 -6.567661
-5.444842 -5.392014
-14.570582 8.429392
-1.717049 -6.643657
1.477012 -12.972979
-5.063734 0.758324
14.483402 6.735449
11.394942 9.835462
-8.510915 -11.839063
9.138929 -9.696303
12.449118 -3.054588
7.435205 -5.985023
-11.416714 -11.928868
14.079338 -8.699116
9.894266 -11.905247
-6.608808 6.074762
14.395117 -14.497487
9.570686 -14.146283
-10.466316 -8.168120
-13.457962 -8.317879
-5.692989 7.952124
-1.610310 0.956984
14.800866 -9.674662
12.619567 12.788648
-12.043973 9.181646
-13.737359 11.567170
6.666780 -9.113621
4.761368 5.835145
6.990304 -2.968527
-6.131675 3.910917
1.697507 2.986188
13.708044 -9.717783
-2.848368 -2.182674
3.701963 -11.577829
5.807571 2.597370
9.169860 -0.783227
-10.784468 7.863979
-2.110951 12.196873
4.304221 10.555669
5.243779 7.405411
7.881970 0.993567
-5.412147 -4.325331
-1.055069 -7.594539
-3.370887 12.683797
-7.333991 -10.252637
-9.180507 -1.975490
13.848188 -2.683071
8.746684 -8.468276
-11.497695 1.100199
-10.592306 3.067875
-4.840973 -12.214279
7.805136 13.027898
-2.335888 -8.616568
-11.235794 -1.397634
1.819474 -8.769649
7.809996 -3.556707
6.789030 -12.931689
0.441041 14.171426
-9.378787 11.874845
-10.883340 -13.076550
-4.311988 11.599600
-9.429025 -0.982855
-4.106384 1.312330
1.980572 6.374717
-1.235347 -3.356739
-4.334217 5.981570
11.035754 14.490819
-4.835079 6.888384
13.381291 6.194824
2.762085 12.302144
1.794579 -10.836540
-14.893973 -1.309431
-4.351476 10.466363
14.895529 -12.285394
8.223595 -10.193213
-9.743546 -0.002852
9.780114 4.166533
-0.827085 -0.953274
-4.506606 -3.657133
13.655177 -0.272885
4.972788 -4.166713
14.298509 10.574543
12.774905 -4.450488
7.891213 -7.743382
-1.494302 7.825442
-11.211007 5.073982
-3.558959 -4.264497
14.017099 -7.693396
9.406613 -1.818954
-12.166085 -6.636025
-4.850569 14.792222
9.232721 7.881007
4.596335 -0.021110
5.461703 -9.402756
9.028304 4.985914
1.590879 7.428012
-14.855354 12.285410
11.733420 -3.836952
5.695446 -14.682897
6.735051 9.522704
-3.452659 -1.339193
6.289960 6.824214
-13.181829 -9.574869
-13.711376 3.817441
-7.516795 -6.590383
-3.350206 -3.078809
11.592596 13.451941
9.272539 10.049445
0.191378 12.778157
-1.553416 -11.727423
2.322774 9.642085
1.079245 5.646796
-13.225758 8.472164
2.624238 1.003877
9.003372 -3.926585
8.351542 11.053006
5.520011 12.304302
-1.847193 9.882512
12.160286 11.811950
-4.547797 4.776018
4.156915 -1.275872
-14.130614 -3.012519
-0.340977 8.432818
2.996766 -5.956325
-2.613473 3.750572
10.529436 6.932095
12.698699 0.044941
-2.564638 -12.468369
12.664013 -9.734066
-7.627098 -4.800566
7.826402 -12.215076
-10.929094 -2.378268
-14.493803 -3.966665
-4.534320 -8.159896
-6.245162 -10.750612
3.861980 -8.170595
-13.761567 6.359222
-12.258320 13.896282
-10.150357 -1.679992
-9.354922 9.200903
13.370225 11.107911
7.260365 3.120100
-8.722609 -2.957186
-6.897101 -4.002580
-12.141056 7.834510
1.685413 11.691979
1.076807 -11.687729
-3.812469 3.509081
-12.784980 -0.559373
-10.930315 -3.499283
12.414476 14.321342
-12.684982 10.601190
-9.435222 -9.927759
-7.304159 -1.134291
12.561003 -13.665355
-11.408702 -5.824812
10.760260 -4.102296
7.200957 4.355471
-6.966599 3.314480
0.233407 -12.691817
-9.367292 -11.173274
-8.414105 -14.957076
14.407410 5.522108
3.249660 10.299385
-2.609940 -13.610575
-10.405026 11.634583
-4.466937 13.595750
-13.393725 -4.734767
-7.739478 2.661391
4.993361 3.221492
-3.912447 -14.042804
-0.086217 -4.299987
12.423821 5.578368
8.775450 1.454044
11.066346 -11.816003
5.068746 14.254680
-7.846491 -14.005228
-0.505478 7.216724
2.936136 5.741844
1.176582 -4.954881
-8.533452 -6.969347
1.824808 8.647950
-2.670823 2.731992
1.937320 -1.410607
-12.741306 -11.831503
12.600136 -1.093267
10.784188 -5.766168
1.360572 12.908120
12.740479 7.911718
-1.293816 -8.586144
-5.351058 -3.019429
-8.752433 8.100101
8.915295 -7.476594
-0.821238 -12.428262
2.741473 -3.339157
7.134272 -0.086038
-14.210205 4.871738
-9.717833 6.856796
0.766390 -14.820069
-7.360950 0.517939
-13.047400 7.277930
-8.758053 5.030665
5.816361 10.281207
10.931277 -12.839750
0.640560 11.545622
11.337297 6.249368
-3.556008 -5.299683
-12.616732 -13.944919
-12.352049 4.361460
4.308481 -12.433730
4.925730 -7.869574
-12.554536 -8.782030
-9.518402 -7.576545
11.808783 -10.984894
3.991304 14.288913
5.344412 8.655171
-14.377247 9.615436
-8.483401 3.969843
11.961491 -8.921291
12.368172 1.625802
-14.590927 -14.714484
1.997781 -6.386610
2.428354 -11.989802
-11.501266 -9.016725
-4.445231 -11.142804
13.807024 -11.942541
9.737881 12.516539
-6.720360 14.235496
3.867170 -10.556486
6.550053 5.118528
7.014571 -5.054887
7.074620 13.751965
-7.178408 12.959936
-14.539110 -5.018684
-5.632531 2.976580
-4.291868 -2.455360
10.781737 0.852904
-8.146426 -1.978808
9.300685 2.382052
-13.317191 9.606267
-0.596538 13.920141
-9.679429 -3.842764
5.752535 13.522276
8.445442 14.145553
-7.599674 7.901932
-8.897811 10.134940
11.395873 5.170377
-0.610062 1.027546
6.649743 -4.027426
12.288017 -5.676668
-6.394797 -5.004270
-4.856415 8.743689
-8.290888 -0.678680
-6.134155 9.172658
-3.186453 10.426045
-1.210225 14.867721
11.813102 -14.876462
5.733865 -2.144876
-13.823989 -12.107432
-12.106169 -9.871705
-2.697696 -0.644493
-9.768535 8.281972
-7.739179 6.878022
10.470295 -2.502321
-4.133735 7.880133
3.454523 13.198652
-2.424573 -3.638231
7.038668 -14.437545
4.442572 2.137960
3.381319 2.234851
-1.853457 -14.282026
-11.175854 6.673008
-12.367159 -5.446869
10.772666 -8.849994
9.791665 11.496718
4.196017 12.241468
-13.684320 10.558212
13.365786 1.895692
2.950499 14.251111
-5.203491 9.810585
-5.163542 -13.453351
-13.164874 0.474318
-13.650600 2.535387
2.272582 -9.823396
-4.139494 -0.596420
14.556228 7.777255
-14.659396 10.989146
-10.927715 9.185528
-8.551730 0.303354
-5.480458 -7.791044
-13.210612 -2.484264
13.628149 7.384549
6.605257 12.734190
-14.764687 3.792996
-14.706691 6.001117
-5.693073 14.208696
2.489451 11.085719
13.516253 -3.688653
-8.142602 -9.661189
4.284517 -9.548453
0.815789 8.523762
0.205191 6.267903
0.830987 -3.612481
1.393185 10.517847
7.734749 11.893448
-3.475769 -9.279500
5.211320 -1.150835
14.404919 -4.582572
-6.571552 2.287713
-11.207713 -14.060279
-2.448429 8.982892
12.269201 -7.575248
8.009348 4.967243
5.070467 11.279841
-3.657107 -11.970700
-4.774812 -6.997181
5.005024 -6.864804
10.533771 10.591796
-3.505247 0.345334
-5.171174 2.036197
0.178729 -1.283648
-11.125822 3.956841
6.299465 -0.870388
-14.966041 -0.231925
2.363972 13.366712
4.079033 8.097752
-9.546750 -8.634446
10.836362 4.081670
9.401913 14.760588
-0.651904 -6.429179
-0.671866 2.037207
-11.252454 -0.339268
-2.508402 -4.780611
14.226259 4.450274
10.391071 9.178965
7.285896 7.442840
-7.051969 -2.166937
-5.215557 -10.354204
-14.594918 -7.309971
4.170049 -6.247153
-10.365515 -6.871509
6.916820 -1.851472
-6.506280 -3.062010
5.820926 -8.441229
3.940307 1.220997
10.047294 3.183745
6.443735 -6.148030
12.395980 9.373292
-6.329735 -8.385315
-1.912846 -1.352237
6.973940 -10.110763
-10.543379 12.759979
-10.895594 -10.541084
-1.429204 8.856328
-7.407528 1.681729
3.003971 7.483789
11.931194 3.655913
-8.389918 -5.773388
-9.064849 6.081650
-6.964461 -14.719826
-3.375533 -8.128582
9.344689 8.943193
-9.915042 -2.670953
12.880623 4.042459
-9.323132 -6.283565
12.940456 -8.574238
-8.819313 2.857835
5.718258 -12.367915
2.810816 -8.934070
1.980380 -4.106007
9.578330 -10.901643
-8.578061 -8.313823
-3.323728 4.681065
0.542700 -10.736070
-2.532535 6.661815
2.056021 0.030248
-14.161875 13.763882
-14.182435 -9.418439
-3.305894 11.588176
-0.714053 -13.713297
-2.487378 -7.561425
-0.391997 3.024521
-11.491540 10.197627
-13.356790 1.488057
-0.080479 5.226557
0.801838 -8.773820
4.435164 -14.639887
-12.859062 -10.782928
4.964057 -13.556826
8.646062 -13.534105
11.299780 2.096420
-3.469123 2.090520
-5.350286 12.296866
-8.447338 13.477197
-9.907761 -13.684202
4.170817 6.748407
-0.202378 -8.302253
-6.104345 -6.473600
2.741698 -7.866292
11.049598 3.094868
14.418007 -6.394681
8.547585 5.929107
-1.603405 -5.434086
8.522735 -11.219067
14.201355 9.363086
-12.485744 -7.734489
6.211263 -10.788858
-2.219966 14.660856
-1.090677 5.141719
-12.256564 6.573699
8.804736 -12.478728
10.780708 -10.709943
-7.595978 -3.177689
7.639867 -13.537625
-1.132753 -10.642867
-5.276868 -0.409170
9.800381 -3.248100
-9.565066 2.038466
3.847589 5.299230
4.230267 -5.058639
-14.165871 0.640406
-11.978409 -13.143524
12.812896 -11.623567
-13.621451 14.803051
11.514068 -0.660456
-0.232591 -3.287059
3.054909 4.671901
-14.834166 2.740568
4.732125 4.738346
-8.723436 7.060820
-1.998538 1.904712
1.822639 -13.995509
1.473789 13.937937
2.925281 3.485709
8.828336 12.097712
-9.170530 14.329560
14.283278 3.395398
8.373243 -14.561988
13.148948 10.131568
-0.488585 11.908504
-5.854655 -12.690450
10.496575 8.081998
-7.907166 5.891222
11.092316 11.573022
-2.345778 11.054774
5.029527 -11.532423
-8.980227 -12.857280
10.046501 -0.141284
-7.622238 -8.011084
-6.717793 -7.392399
3.504994 -4.210032
8.100772 -4.637637
0.152765 10.426896
-4.477748 2.760813
-2.749321 7.717321
-10.544396 -9.538590
-9.391334 -14.690287
-14.311468 -6.283568
9.689360 -6.556649
-13.289358 5.474372
1.776974 4.123013
9.794578 -8.492042
3.143624 -0.868503
14.423674 11.582997
-7.762091 14.239657
5.803751 0.454048
3.947022 -13.536835
6.671347 -11.907155
0.731656 3.627908
13.628814 8.437850
-10.515075 -14.958951
11.148323 -7.906209
-0.215410 -11.424363
-1.940205 -2.613787
1.384304 0.773882
-3.578925 6.820084
-6.650569 8.261856
-6.466257 4.959080
12.098991 10.657607
-9.869950 4.486540
-6.643199 -13.594315
-4.495627 -4.848459
0.831176 -6.318751
-13.923720 -13.900064
-0.774459 9.678239
6.385902 14.514637
-11.288186 13.623439
3.644983 9.348419
4.077333 3.678456
5.313470 -5.627636
9.433203 6.878499
-1.444121 4.134621
10.478757 -14.645319
-3.709701 9.071990
9.085780 0.441871
4.833505 9.571157
-13.878581 -0.329777
-12.401872 1.966601
13.459458 -10.807826
-10.242129 13.911023
0.019732 -0.227737
-1.634802 -9.761652
9.710194 -5.056839
-6.621094 10.505675
-6.438545 0.071827
4.408089 -2.305546
10.661021 -1.201950
-11.856336 -10.873552
-5.274876 11.179799
-11.365482 -7.495793
-0.965400 6.218862
2.581324 -13.275888
13.630032 -5.347360
5.994156 -7.251701
-5.762662 -11.667960
-11.531297 12.398115
-6.875518 -12.552714
7.071350 10.574561
11.574126 8.545063
-7.246351 11.946780
10.172830 -9.660393
11.470443 -13.762195
-14.459208 -8.435435
12.839335 -14.635643
-12.836959 3.177781
6.680405 2.023173
0.952905 -0.614853
