8.043291 1.804337
-5.783734 -12.017043
12.892241 4.188661
13.935106 3.860553
-11.474418 11.903952
10.879682 3.213798
-14.653602 5.904163
-1.897722 -8.095597
-5.114549 9.847279
7.388802 -14.119465
-10.143075 -1.735013
-13.210070 14.401725
2.832956 2.070703
-5.771344 -3.880136
3.321054 11.435118
8.590406 9.430140
8.713925 -9.591117
-5.056085 -1.486784
-0.600203 -1.550470
-2.262298 4.668687
0.794550 -4.602859
14.252579 11.994053
-14.205716 -0.313938
-2.962795 12.372363
-6.718170 13.130352
14.154960 -4.586788
7.340205 7.708865
-0.019359 8.853227
-11.278087 10.462887
-11.437434 2.746621
-0.051480 -10.062078
7.847710 10.230605
5.784227 8.187558
-6.787860 -4.625341
-4.301808 -11.091828
-9.220990 -9.022860
7.071451 1.463580
0.816703 3.924177
-13.284681 0.115797
5.895788 12.361443
-13.450502 -14.613761
-14.324052 13.667889
-10.654348 -12.832120
-8.387239 2.831632
2.109846 -11.453440
-3.983438 3.457166
-5.339658 -14.079060
5.500438 7.001799
0.027041 -9.046268
-1.960674 14.286576
12.834013 -7.316806
0.577433 7.412765
10.936205 12.516231
2.354283 6.609524
-11.131803 -9.967394
-12.528001 -4.978799
-10.415756 -10.751902
-8.345189 -4.753997
9.428093 -14.205778
-7.421018 -6.492455
-8.039071 4.294485
-2.289689 -3.052349
-12.441427 10.064172
5.701845 1.328083
-4.616573 -6.935691
-12.744939 1.144767
-11.420859 5.872473
-6.478152 9.848192
6.295949 9.068613
-3.155943 14.564333
-7.740218 -12.947352
8.795476 3.242914
8.092484 4.008958
2.086509 -14.471430
6.558405 -10.917327
11.969653 -6.796407
14.739144 -13.234765
12.744634 -4.495159
-14.614970 -14.035594
4.546741 -8.366036
11.166978 14.547543
-14.045215 8.849628
-10.784487 -4.327763
10.465717 2.044531
-14.465006 2.348355
-1.048892 -3.564455
-9.633997 11.605427
12.582735 -3.360682
-7.390242 2.360924
10.020410 8.751498
3.209881 -9.097454
-3.519105 -6.184497
-0.438399 -4.500155
2.931003 5.282203
-2.826599 11.028303
11.212163 -5.994867
-5.022228 3.657128
4.302764 1.306705
3.285649 1.104558
-0.890049 3.047434
-12.351565 14.971060
-9.924083 -9.750388
-13.875637 -1.350991
-0.970418 2.049182
3.901830 14.647582
-1.049292 4.533315
-2.266542 2.443207
13.583994 1.691906
4.058942 0.170269
11.872936 -13.298077
-8.029976 0.188313
-7.501030 -5.402301
9.962153 -12.168039
5.368312 -0.854069
-13.845192 7.825528
-0.097993 -2.429444
6.900067 3.528963
11.648980 10.452745
-0.612064 10.063732
1.143860 -2.556263
-3.017095 -9.775756
-12.711723 -11.221560
9.149211 10.668390
13.984258 0.755324
14.854505 -11.100041
0.319004 -3.476441
-6.228964 3.146907
13.174749 -14.588568
4.904080 -1.785404
-10.406949 5.725397
2.781702 14.287291
-13.111752 4.248254
-10.639227 1.741516
-4.363721 -13.445137
-8.560795 -5.998186
-13.673617 -10.808794
9.260998 0.174584
1.143644 -8.793572
0.854767 -13.171950
11.696911 -14.341440
14.802331 -0.921418
-9.283395 -4.058108
11.567212 -1.083506
-8.784636 -7.985968
-12.151873 3.544562
10.629353 7.921863
1.266835 -9.805297
3.840893 -7.596922
12.966239 -1.331572
-10.085730 13.677429
2.324692 -8.182289
-6.708626 -13.544388
4.822178 8.693920
-11.476072 -13.411312
-10.328354 2.933078
-4.652343 -8.819424
-6.039751 -2.026636
0.776712 -5.700819
-6.804288 -12.228594
10.645262 -0.244690
-13.427267 3.266826
-9.073180 14.380084
-0.878889 0.935486
0.261189 -6.658482
3.039552 -0.027463
11.910234 4.544332
-10.090094 4.544200
-8.271031 -7.044664
14.527214 13.032912
-2.489332 -5.977245
8.262384 7.265823
2.387249 -3.168150
-7.171313 -1.806072
13.606130 11.054142
8.068250 -3.299985
4.135440 -9.506848
6.777746 -0.560070
9.879445 -8.841525
-12.749828 -9.730306
6.302192 0.405461
-13.805341 -5.052722
12.488580 -10.111028
10.934430 -1.898124
-11.232222 -14.479599
-3.125715 -11.883025
-11.072222 14.224144
9.434079 -7.569734
8.062587 5.146672
1.393002 2.116804
-2.203599 13.090023
-1.916078 1.482839
-2.289222 -12.561084
-14.171555 -7.861863
11.072952 13.517051
4.026821 13.549540
-14.741659 11.406730
10.860400 9.751268
2.737673 7.775288
5.062387 -4.516299
-1.498682 -10.209561
14.816384 4.619672
-10.054091 -0.321895
-5.561285 12.765334
-14.047002 -3.634060
-1.297067 -2.545595
7.513090 -11.324707
-12.278420 6.429052
14.152710 2.529965
3.352902 -3.507710
12.188741 -5.462909
11.507986 6.882173
1.216650 -7.734705
-2.434597 7.206642
14.757954 9.191938
-9.260650 -5.160455
-10.448184 -8.892628
4.194680 -13.160852
-12.609130 -12.622183
11.132978 -8.718133
6.041369 -8.143811
-3.187301 4.255308
-3.356039 -13.022387
-11.946472 -0.022651
13.725968 -0.570362
13.400482 -12.876195
-3.486824 5.453626
-14.323546 12.534970
6.472296 -14.534359
4.005169 -4.434688
11.103209 -11.928808
-12.214383 4.731261
6.151202 5.885137
-11.840422 -4.221371
8.005915 11.766636
10.473384 -6.671981
9.646073 12.759170
5.581885 -9.063536
11.947763 -2.381314
-12.839993 5.545803
6.094333 14.365049
10.487274 -7.715509
-5.934807 4.197728
-6.323293 1.610870
9.855882 3.085470
-9.841236 -11.778908
-7.317293 14.550779
10.226409 -4.918803
3.326712 4.247522
-8.617382 11.880835
13.898564 -1.815891
-6.611264 -7.113957
5.912879 -5.695193
-0.332595 11.058305
2.502212 10.656586
-6.538377 -5.921220
4.379448 6.519186
12.505867 9.871206
-6.507237 5.146620
-13.917574 -9.292131
8.382206 -12.280566
-0.003843 -0.588550
9.701912 -9.913527
1.072545 -11.218001
-6.390814 -10.683951
7.088453 6.238725
-9.667976 2.098121
-14.855690 -4.285106
7.244439 -1.538112
3.124116 -11.208706
0.688077 11.032529
14.773400 -8.796707
-11.796758 -10.730478
-3.517214 2.362046
2.140654 2.876936
-3.435549 0.290404
-3.309653 -7.314474
-4.266729 -0.706379
0.256211 14.816225
11.708177 -4.448434
-14.812678 -5.291398
-3.983801 1.421817
-5.806078 -0.105068
0.561449 13.697125
5.281955 10.779360
-7.538337 10.108602
10.502934 -13.040787
5.260144 13.511511
-5.704804 -5.174061
-9.288404 -14.632287
-5.224840 5.219701
14.301667 -5.957646
-11.755721 -2.987650
-3.117241 -0.943619
-5.802807 7.692733
-2.953484 1.219604
-4.600084 -12.163438
4.129982 -2.658939
-11.132376 13.070521
-3.063779 -8.293349
10.266684 4.117691
3.103540 -14.747951
-12.855917 -0.795972
13.424339 -10.842616
-11.206915 -11.665176
4.973780 14.675213
-14.405568 -12.675591
7.960796 -6.063436
-6.294223 11.871431
12.413827 -12.393788
10.164710 5.335791
7.013519 -5.695617
-7.415585 -0.764914
-4.080254 14.967835
-0.353999 6.961798
-13.083956 -7.202556
8.148004 6.198516
2.220100 1.192402
12.557154 10.926067
-4.771852 -2.508105
-7.483174 1.224696
4.277589 -6.586673
-6.593967 -9.401116
12.367407 13.434454
9.149635 -2.695572
1.424247 14.722722
10.245414 10.571256
-8.248183 -14.994389
-5.585968 8.961229
5.138700 -9.976644
14.834070 -7.165762
9.876374 -1.773258
-0.793377 12.039730
7.017506 5.096704
-3.637995 -5.134919
-4.806935 -5.718750
-5.656091 -6.401627
8.587995 -14.949269
14.070679 -11.905636
-8.240014 -2.620995
-9.947617 7.509430
3.946812 -14.193326
14.876556 0.121041
-5.060713 11.712093
12.315622 -11.299838
-9.364815 -6.906082
2.963406 -13.649434
-2.241858 -2.031585
-13.512875 -13.546179
5.486237 3.615976
-5.306180 14.841548
7.051290 -3.649766
-10.231318 -14.996145
12.163772 12.355623
13.397324 13.401844
12.977313 0.598130
2.176309 -9.315519
8.332562 -7.451892
-11.951020 7.714425
6.308545 13.337653
6.530293 7.085081
-12.563744 -13.885010
11.426827 -3.464622
11.613398 2.100599
3.779963 8.346961
-5.717538 -13.072418
-9.092274 6.853140
-5.205164 13.741311
2.594764 -12.675265
6.557200 -9.909398
9.744961 -0.718995
-9.045454 3.787810
-13.473445 1.938642
-0.224767 -5.527928
13.622729 8.729061
-4.275447 11.032337
-8.139647 10.970119
1.639739 7.375551
14.879005 1.308516
6.159544 -7.137630
0.976231 8.492016
13.417894 -5.282103
8.596368 -8.494755
8.817055 -1.601301
-4.037609 -1.681587
-6.822482 7.627865
3.535402 12.429800
13.534640 9.951696
-0.422559 13.887945
-1.208654 -13.943376
10.876151 1.131558
-9.112658 0.261339
-7.831734 8.643933
-7.483470 6.615800
6.924211 12.134626
-12.796532 -3.195841
14.917990 3.263744
8.408584 0.760396
-6.473862 -3.118584
-5.984701 10.789509
-11.826213 1.592901
-0.258001 -13.592703
-4.300991 -9.820974
-1.493861 10.828835
4.242188 2.316053
-11.553836 -6.693171
-4.123877 12.463715
0.881522 -14.171613
9.677111 9.700624
-3.386878 -2.645872
10.362178 -3.925379
12.891841 -6.250540
-11.078518 4.779479
7.950496 -2.265531
5.443879 -14.225975
-2.461167 -13.556379
-5.983067 6.092907
1.618754 12.561276
11.370166 -10.856700
-11.000036 0.327062
2.099261 4.429257
-10.365519 -13.910616
2.171455 -10.409839
4.574879 11.517704
-1.595977 7.924379
7.506494 9.214529
10.488728 6.411321
9.786152 1.231761
13.087764 5.186321
6.885768 -12.241230
4.806103 -5.594462
13.179798 12.337151
3.805508 -5.423959
-10.912431 3.760132
13.197454 3.102123
5.336850 2.409190
1.347718 -3.637166
8.354515 -13.626517
5.116818 -7.465549
-6.426650 -1.101635
12.112011 3.514505
-3.529989 8.473736
13.602015 6.385007
0.360196 4.814898
-3.189575 -10.877665
-3.261127 13.397068
-2.143386 -4.046891
8.080206 13.925023
-11.993315 13.797824
-4.133747 -7.934543
3.891139 -1.395513
10.117845 11.867173
4.605608 -12.016526
10.416944 -2.878175
9.083283 5.357184
8.547949 12.954464
7.263385 14.558048
-12.139660 11.073571
-10.504387 -5.502721
4.024295 5.523474
14.498515 6.890326
9.242970 -3.729723
-8.626334 -13.420260
4.681953 12.637616
9.366623 -6.110458
9.364329 -13.177482
-14.850814 -2.001639
-2.929326 3.197356
-9.100275 13.042746
0.416290 1.853683
0.706080 12.083839
-0.019353 -11.229493
-3.490685 10.087411
13.928814 -13.865764
12.906291 -8.425837
10.503162 -14.118184
12.533464 8.656938
-13.166689 -4.205479
-13.641726 -11.903275
5.906676 -1.983103
8.179551 8.310567
-8.599281 -0.636922
5.688338 -12.287253
-13.385893 6.715772
-5.687297 -8.922856
-9.478583 9.538208
-14.251859 3.846151
-1.655138 -1.149951
12.695936 7.519337
-14.279744 9.853515
-2.130712 -9.238361
12.400443 6.234576
-7.137440 11.089395
-14.064829 4.915484
-10.510452 -6.568066
-1.157429 13.201978
11.763340 7.892827
4.077463 -10.901371
-9.642455 -13.020181
-1.464786 -4.914032
-2.019109 12.035409
-1.156263 -5.904945
14.505720 14.144675
1.150773 1.012433
3.342445 6.879539
-11.122196 -1.974382
13.832210 -6.846180
11.520936 5.756974
2.160414 -1.974191
7.810040 -4.909398
0.231620 -12.368006
-13.390735 12.914213
11.125099 -9.841634
14.085253 -10.058443
-5.323525 -9.976321
12.646989 -0.350733
13.759099 -3.410799
-1.095088 8.850276
-14.886572 8.222800
-9.470485 10.568645
3.175793 -2.173347
-10.616555 11.277819
-1.024827 -0.274321
-1.014286 -7.231169
-5.495668 -7.478085
-0.842024 -12.396073
6.493455 -4.521726
-12.666960 2.588131
8.621697 -10.669293
-14.024049 0.832703
-8.699262 7.969495
-14.521221 -10.249027
10.034250 13.703768
-2.127386 -11.356595
-2.042279 -0.128899
-0.005643 12.865549
-10.726218 6.803301
7.785351 2.807475
12.617193 1.958356
13.691478 -9.134666
-9.869348 8.582330
-8.609630 -1.690918
-11.668858 9.326486
-3.563744 7.472739
-1.081766 -9.085895
-8.578186 1.628350
11.848953 -7.792634
-4.996902 7.042921
6.591439 2.441177
-4.279653 9.261784
-5.054434 2.196977
13.485957 14.437199
-11.196072 -7.711242
9.134665 -11.539497
7.085949 -6.720188
-13.168943 -8.369332
6.277044 -13.399802
-8.061767 -3.618571
2.120955 8.791868
11.834907 0.295162
11.129804 11.373111
-13.219390 10.922385
7.349733 -7.724369
-10.622954 9.438876
-6.946410 0.271741
9.084746 2.065080
13.755755 7.641572
-4.126170 -3.335746
3.408574 2.949343
5.096894 0.288540
1.654948 11.305845
6.265002 11.168831
-14.041117 -6.236056
-11.932433 -1.221651
1.326397 -6.718368
-5.416887 -11.049619
14.255314 5.567146
1.973723 -0.041741
-14.513032 7.048705
-2.048385 -6.919715
-12.266787 -7.835192
-4.247878 4.594550
-8.038589 13.755240
-13.011147 -5.959268
-3.363456 -14.273617
-7.088120 3.761854
0.384298 9.840558
-12.388841 -2.169954
7.382909 0.485729
7.021421 -8.841543
2.910939 -1.064637
10.169499 14.787268
-2.137619 -14.590450
-13.263582 9.475166
3.574231 -12.262306
4.709414 -3.575807
-8.647153 5.773250
7.711870 -10.158991
11.538348 8.958249
-6.384481 -14.554862
-8.469047 9.613562
-7.656897 -9.101199
-0.547426 7.953817
-6.598534 8.818694
-1.684878 3.754780
9.111786 14.103939
-12.181322 12.720177
13.079827 -2.396276
14.641651 -14.733963
0.508171 -1.554162
7.568108 -12.991634
4.885036 9.845224
-9.102463 -10.972609
1.316676 5.386256
12.020166 -9.204081
-13.083566 11.962138
5.268598 -13.199933
4.497938 7.541659
-14.470335 14.693804
14.764916 -3.106446
10.246522 -11.108795
5.806864 -3.248836
-4.267416 6.342904
1.445952 -12.272798
-6.411986 -8.111978
1.810373 -4.587760
-9.241600 -2.708164
14.151282 -7.972994
-6.311173 14.422338
0.105074 0.748292
-2.574762 -4.970764
-12.074683 -8.984202
-10.107913 -7.804698
9.402651 7.916390
-2.653657 9.418071
-0.189287 3.892183
3.272655 -10.121736
-0.020323 5.971533
5.047658 5.706849
1.433931 10.166491
4.040391 10.550163
-8.955014 4.817966
12.203227 14.548324
-1.076892 14.960917
-4.162995 13.912557
5.456546 -10.954518
2.442250 11.932173
-11.498020 -5.335861
-7.595557 5.504446
6.845218 -2.524239
-8.779264 -12.333045
-10.118005 12.645556
-3.139904 6.421775
3.203361 -6.420043
2.627001 13.016446
-8.590874 -9.843260
-0.084900 -7.744329
-7.583137 -11.222973
-7.524253 12.041616
7.365668 13.093556
-7.487441 -14.338213
-12.731655 8.400853
5.373509 4.656296
-1.683097 9.685434
2.408459 -5.500436
2.909576 -4.568991
9.080321 4.348141
9.506500 6.648308
0.273157 2.888393
8.917464 -5.155136
-10.889652 8.041071
-7.377746 -7.757072
-1.496185 6.793828
1.843114 13.718079
-4.586923 0.484748
2.406834 -7.033575
-5.390121 1.215571
-10.640385 -3.156506
-10.047528 0.913276
14.757306 10.259946
-4.786477 -4.521493
0.972481 6.392511
1.756796 -1.058119
4.500127 3.285325
-7.582120 -10.205755
-3.339745 -4.131347
-4.589416 8.284344
8.118530 -0.643759
4.352942 4.367141
3.005188 9.423730
-10.902045 -0.954602
-1.060785 -11.411478
6.722984 10.036166
-13.944981 -2.625678
9.033117 11.810577
