13.615486 1.080278
-3.176424 -0.723057
5.278493 -7.051761
9.683185 -3.553801
0.175877 10.061943
14.403604 12.201929
-11.122673 -12.975108
12.172270 6.462029
-4.552450 -4.981681
11.826654 -10.299545
-3.066179 -13.314517
-4.352379 9.721644
-7.332478 -5.973748
-4.747949 7.242530
1.285286 1.760031
-2.175067 -1.609695
9.386368 -11.255567
0.095815 1.044678
14.651168 14.829641
-11.263894 -0.568405
-12.158518 8.560749
1.318218 5.416160
-11.568341 -11.632571
2.061266 -3.470326
-4.933477 -2.999841
-7.342931 4.554173
-9.764251 3.289578
-2.619864 6.476596
-0.837436 -8.991503
-11.977080 -2.810390
6.034742 14.284830
10.531865 10.897447
-2.348356 -5.426981
9.048856 13.541510
10.018634 -12.210998
-14.336849 -8.592572
8.696680 0.781984
6.764647 7.383621
11.584164 0.685896
2.474177 -2.555561
-7.735981 0.670007
6.874116 3.908374
4.407362 10.439224
-13.634869 -3.657491
-6.530719 -14.043722
-13.629876 11.343113
-4.068830 -12.161813
3.699298 8.451431
0.338308 -14.368160
-6.232439 -3.851250
9.534940 9.120274
9.437963 -1.471926
7.587969 -12.954931
8.707287 11.502467
3.818417 6.861616
-10.700888 13.729124
-1.884677 5.350612
2.137235 13.239188
-4.253876 -0.982477
14.641946 13.828024
-7.414476 12.327427
-11.260072 -6.021387
-8.119716 6.692087
-7.577871 3.459921
-12.876463 -5.585091
13.686026 -9.269644
-6.001429 14.880733
4.619858 5.936688
14.385333 9.229140
-1.462678 0.736118
-3.614188 11.276403
-0.978532 11.959121
-5.822599 -7.708670
8.197956 -4.743588
8.582592 -3.451096
9.443937 6.817612
-13.414706 -0.457344
-2.551660 0.820243
-8.391119 -14.559267
2.281723 3.596387
-4.957514 -7.067257
0.507212 -1.285360
-3.109370 8.890842
-10.297325 -0.069973
-3.605082 1.269582
13.461147 -10.605803
6.141243 -10.755315
4.808505 -13.889453
2.611205 8.388038
3.293360 -9.317710
12.928744 -14.627206
-1.299202 6.765562
0.329383 -4.097686
-10.284097 7.614875
-3.778151 -14.173226
11.466071 -0.483625
12.010701 -8.691149
-13.206333 8.655444
5.977916 -5.285559
-9.044963 8.132862
-9.019374 -9.399334
-4.234938 -6.253417
-11.233793 0.487096
-4.361685 8.521147
5.450247 1.101083
-5.076805 2.703068
7.217850 -6.665905
-1.366866 -7.476317
-8.661866 10.547882
10.697368 3.890834
11.600582 10.943138
-10.938039 -2.858071
-14.928086 -3.930177
8.697730 12.601846
-4.686234 -9.255340
3.439551 9.477107
2.588743 -4.590487
9.252419 -8.320809
8.976788 2.585025
8.836117 -6.529276
13.492998 -0.187253
13.519985 -5.659965
0.954595 14.618250
8.009029 10.598171
-10.278425 -14.863607
-9.957812 6.465314
-8.101019 -13.358066
14.708742 -13.669181
-8.476483 4.873391
-10.059441 -13.727323
-5.731957 -11.916378
-2.900028 2.354923
1.247167 3.578235
5.502195 12.188991
3.171294 2.894937
-1.932640 -3.538741
3.886469 3.679385
4.750818 -3.376167
8.090845 -1.201088
-6.713687 13.727292
-7.827461 -11.509734
-8.938996 12.901429
2.290492 10.596983
-10.309073 0.986649
-2.478707 -11.332992
-1.790190 -13.467175
-0.717086 9.596600
8.384358 6.984107
-13.011419 -2.698061
-7.043235 -2.922138
-11.354829 -1.590580
3.218324 -1.467436
-8.324305 -6.412474
0.795767 7.741559
-4.560940 3.699561
-12.854543 -6.773366
7.970450 -5.872493
-4.909830 10.594328
-12.744819 5.177680
-10.570767 4.093024
-11.789301 4.527178
14.437327 0.468308
1.274834 9.729358
2.867625 6.389071
9.863054 -13.486863
-9.033308 -7.469495
12.021964 -3.822861
6.034947 -6.283965
-8.934105 5.855892
-14.584102 6.066213
2.236987 -6.359970
-3.374868 3.390116
-4.043069 -2.493206
-5.615259 -5.878963
-8.493254 -8.416115
-4.815020 0.423246
12.889037 1.862259
-3.189079 5.464890
-5.568311 -0.353750
-6.962078 1.363659
-12.241175 11.930358
13.201165 -13.592546
13.940585 -14.333951
9.826298 -6.104151
-5.139214 13.999428
-2.989936 -3.878413
4.489970 -11.691359
12.708192 3.643005
10.484431 -0.076940
8.338145 5.586023
-14.372172 8.652961
4.266992 -1.296736
1.526381 8.636711
-5.393650 4.545354
12.944913 -3.052967
-5.603974 -10.867530
-4.791774 -14.943332
-6.280428 -6.627102
-3.734274 0.255359
-11.309905 1.524301
-11.567592 5.717797
-4.377252 5.273718
4.236843 13.983157
0.634208 -12.805455
-7.380018 -3.876137
-8.314250 14.386120
-12.331419 14.280762
14.713701 1.510388
3.004147 -7.018707
-10.922757 -10.860145
-9.470740 -6.008247
5.742614 5.649381
-7.773841 8.668541
-9.687910 -12.652638
12.754700 10.806383
14.526719 -12.383062
7.451266 -1.972840
-4.144932 13.622869
0.700798 4.462434
-1.456198 4.240478
0.265810 5.528810
-12.912003 -9.591446
12.277334 11.707964
0.834599 -11.338202
9.004345 -9.503474
-11.649172 3.455657
-14.202296 -14.748272
5.038118 -10.575289
9.822878 4.542383
-3.465661 10.216220
-5.727192 -4.864098
9.046091 -0.190797
12.299082 -6.569781
-14.977050 -2.879285
6.530724 9.480697
2.343170 -9.773835
3.711566 1.968052
-10.991143 6.542311
-0.317029 -13.173304
-14.337063 -13.087285
4.033444 14.976031
3.727148 -13.997752
10.209191 -8.782254
6.144217 2.121803
-8.687276 -10.664535
-3.054885 -2.812425
-0.966958 3.217536
10.784002 -2.574629
8.936383 -5.465481
12.650032 4.700910
10.751411 -3.905148
6.868031 -8.790811
-14.470516 11.926327
-6.815900 9.566643
13.868219 -2.386203
-1.646321 -14.903890
14.867508 11.081251
8.644837 3.892222
-9.256303 -0.090775
1.455942 -12.131884
3.217604 -12.918420
-0.703733 -0.144039
11.934153 5.456148
-5.683412 -8.724079
-12.385391 -0.589616
-6.287605 5.320937
-8.715288 0.877040
-7.260764 5.979904
9.639808 -4.737700
-8.656488 -12.505449
-0.094640 12.531210
-5.310194 5.833111
-1.738027 9.131069
-3.481223 7.248246
-2.817024 12.035319
-7.097221 7.007161
11.080552 13.890782
6.794811 -14.763285
5.907136 -3.224641
5.749536 -9.137684
5.031960 -0.262390
7.612198 11.606329
3.488847 0.699550
-6.791875 0.283479
5.915338 -14.261810
4.346543 -12.859693
2.381260 9.368229
-12.231300 9.725174
12.441896 8.984386
-3.934103 -7.236594
14.384981 4.763229
5.456909 13.275108
13.026896 13.369675
-0.804799 -4.042366
6.823360 8.465187
-3.794032 14.717460
1.885130 2.620649
-1.986796 3.069838
14.409570 -10.287404
0.872064 12.790408
-10.002194 10.156750
-3.478926 -5.377910
-6.112252 6.449280
4.333142 -4.338480
-4.810593 11.672158
11.677295 1.762562
7.940913 14.968246
-14.558695 -5.615528
-1.953765 1.857149
-10.662928 2.465737
-14.816337 12.985258
7.221545 2.344294
-13.202476 4.235498
6.361360 -7.293258
-7.150373 2.555247
7.565050 0.952694
-7.979063 -7.487408
6.404814 6.445939
-14.046482 -2.153155
1.072570 -8.452203
6.915375 10.640106
-11.015312 11.074982
2.601009 5.317306
-10.364959 -5.555008
13.456455 7.310229
-8.725010 -4.140885
-14.015020 -9.766693
1.887649 4.518918
11.496717 7.238912
10.976939 -13.622177
3.622885 -10.275629
12.057909 12.967516
-1.227771 -12.343454
7.862275 9.077503
-8.719905 -5.301219
-13.116544 13.607239
-6.303771 3.269671
-11.042412 -8.430089
12.164058 -13.843093
12.803844 -1.953150
8.899560 -12.185777
14.269921 -4.902685
-5.338878 -13.804368
14.594047 -0.697352
-12.609432 1.646860
-8.075704 -3.009404
-6.781793 -9.337372
-12.029511 2.520410
3.428921 -3.435652
5.678418 -8.116553
11.685380 -4.824774
2.619556 -10.982676
-6.838844 11.482741
2.630767 -13.758584
14.378470 -7.208135
-13.758135 -6.281857
-10.395061 5.181821
-0.956315 -14.155439
-12.245472 -12.679796
5.682477 3.387579
14.671898 6.865602
-11.075240 8.868007
-3.685102 -9.380059
-9.059816 -13.688815
-9.761208 -8.563085
7.940799 -0.191645
13.487616 8.486056
-10.382560 -6.557998
-10.699280 -4.385455
-14.172067 -12.016589
-3.322021 -1.796233
7.031362 -0.767828
11.219500 -14.843156
-9.488024 4.649121
-7.412630 -8.446336
-11.945976 -5.181982
7.405267 6.443421
-3.174416 -10.351565
-9.093666 -2.735898
10.445689 -10.833693
-0.625931 -11.111809
2.977300 7.405771
-11.233739 -7.319318
9.894121 -9.995797
13.004546 -8.406327
-7.326991 -14.986682
7.567840 -10.950108
-11.009783 -14.121978
9.764996 1.921977
-2.567710 -14.441106
-13.191266 -8.578318
3.610123 5.680653
-6.995639 -13.124993
3.241506 13.365226
13.678846 14.146314
-3.731294 4.443676
-0.342735 6.422048
9.750743 0.814448
1.323794 -4.460524
8.235504 1.757862
-2.411829 10.354048
-8.002079 13.272625
-1.950834 11.353422
13.382990 6.309808
-2.676343 -9.328755
8.466773 -2.213981
-14.773546 2.519887
-10.102759 -2.244594
-1.602067 7.738561
5.789713 7.709965
0.011162 -8.248440
14.274139 -8.203241
10.566811 2.706968
8.648461 9.770547
9.770288 10.203167
-7.106936 -0.913989
9.160502 14.570975
-2.467272 4.201571
9.378044 5.577361
-0.448218 4.120767
10.476452 7.206674
-14.402374 -10.987375
6.451861 -1.806713
4.977465 2.421584
-5.921992 12.604799
-5.870542 10.009768
5.546635 -11.866200
4.083379 4.676777
8.229399 -8.695735
-9.297770 14.865812
13.490200 -11.995877
10.533654 -5.229250
-13.309632 -10.527295
-0.549703 -5.059058
-9.599008 -4.773733
-1.263153 -2.753056
-12.645675 3.351745
-4.040726 2.542195
-9.327651 1.700868
-1.688613 -10.704496
0.444469 -10.223526
-0.656971 8.527065
-7.261124 -10.341222
-9.326276 -11.502165
-12.389181 0.590226
-5.776478 0.897512
14.499183 -6.213562
14.157612 10.258918
-14.603131 -6.957729
-13.048655 6.752462
14.758718 -1.893245
-6.023629 -2.574358
-14.119556 -4.569080
4.498018 7.792743
-6.716906 -5.014586
-8.024710 -1.813213
-14.396850 4.681660
-4.670193 -8.204914
9.585806 -2.540488
-13.314307 -12.995739
-9.836157 -10.510366
6.700282 -4.153262
-3.208395 -6.408399
-0.666590 1.704776
-5.839006 11.453973
-12.115639 -13.936747
-14.443666 -0.001260
13.716201 3.830662
14.440686 7.895637
-0.150522 -12.132850
5.506502 -12.922344
7.586552 -9.521556
6.610393 -9.765165
-14.230079 13.997286
12.520471 -5.467988
-1.479464 14.058974
-0.901207 -1.813073
6.755844 -11.849936
3.917745 -2.259746
2.292109 14.303641
5.043824 6.927891
13.739215 11.258823
9.708903 3.448914
-8.160851 2.163296
4.238142 12.850484
-13.546171 -13.972539
10.066505 13.963310
-9.896052 12.520300
3.623597 -8.370205
-14.115580 1.421453
1.114293 0.723987
4.589492 -9.535248
-10.253389 -1.082465
11.213745 8.671787
7.145942 -5.081229
-0.579843 -9.989427
-11.337364 -9.906651
12.084401 10.047548
-7.869247 -9.512825
-11.036731 12.372983
3.445663 -11.599100
-11.344500 14.507996
12.268085 -11.248825
2.473321 -8.507977
5.563445 8.976065
-1.310564 10.519092
12.311360 -7.652477
12.070039 14.172572
11.481644 -5.879996
-6.881071 8.170277
-0.438911 13.724916
9.876521 8.008570
12.383935 -12.599753
-12.101811 -7.877449
9.845500 12.869940
6.585311 11.797797
4.922625 11.349638
10.254489 11.940553
12.541841 0.352231
0.106511 11.504635
-13.852543 7.626843
8.174035 -7.470025
8.106791 13.908164
-7.740838 -4.897625
-6.154481 2.263561
11.110926 -7.949513
-5.210289 -1.789360
-10.596327 -11.932073
-0.220539 7.458682
10.728859 9.727792
-9.043551 -1.571177
1.597515 -0.614390
5.850437 -1.002064
1.840319 -13.080228
-14.999514 -9.391786
1.703089 6.361702
1.701091 -1.810836
5.627243 10.634573
0.162189 -9.237856
7.804689 -11.963708
1.884136 7.626286
-13.949228 3.531977
11.010759 -9.710111
0.661134 6.632912
9.820807 -7.396024
4.907308 -5.765946
11.265246 11.897730
3.323902 -6.058002
-13.490640 -7.597188
-9.754614 11.362725
12.702294 -9.562182
-8.095264 7.703201
-12.985670 -11.869374
7.788801 7.903841
3.381297 10.521305
-5.324764 9.099145
2.473254 12.253626
-8.252123 -0.425801
6.585722 -13.295699
10.910151 -6.789279
-2.221949 -6.863181
13.296452 -6.666920
-12.700273 10.758839
-4.918453 12.879904
13.663915 -1.217560
-6.908355 -7.482261
1.394125 -9.428380
-13.603103 5.796728
-13.419677 9.892985
-1.548534 -4.822828
10.955318 12.851074
-12.357041 -10.934558
2.664349 -0.613169
-5.113185 -4.020070
4.774293 -8.546042
4.397973 -7.616126
7.346467 12.645146
-6.865094 -11.882652
1.510165 -10.567572
-13.621317 12.478782
-13.352172 2.424168
7.642876 -14.062250
-12.126748 -8.928237
0.999816 10.705301
0.580674 -5.370181
2.101926 0.540477
10.118440 -14.750872
10.615668 6.090473
-5.644483 7.842135
11.873136 -2.807987
11.754501 3.000413
-14.453438 -1.060598
1.383121 -14.432435
-2.393334 -12.434647
2.018591 -7.438945
11.657694 -1.638331
4.441340 9.171564
13.511107 5.263900
-5.927882 -9.912692
-2.241246 -7.972710
13.223406 9.611635
13.816994 2.420240
-0.692398 14.747969
-4.663872 -13.023632
-2.712990 14.551959
3.514202 -4.974861
0.328202 -0.134797
-10.237206 -7.628359
-10.134438 -9.494988
14.821631 3.855989
-7.749234 11.023082
-8.576046 3.212382
-12.024614 13.206559
-8.724330 11.885004
5.354788 -4.197563
12.413782 7.702917
-4.246703 -10.292157
-11.046030 10.011696
9.216925 -14.277979
11.234144 -12.519733
-1.270525 13.066969
-1.220226 -6.458859
12.427772 -0.808929
7.803354 3.296115
-12.784518 -14.722565
13.250772 -4.600840
-9.103572 7.065651
8.628427 -10.498852
5.037329 -14.889150
-1.637156 -9.606870
-2.610122 7.896904
-4.002790 -3.922842
11.247292 -11.451220
1.800891 -5.351347
6.354215 12.815853
-4.811932 1.626244
2.553593 1.675115
14.253751 -11.306532
7.534198 -3.295556
-12.472538 -3.951935
3.051902 4.372742
1.177141 11.798949
6.258202 0.382492
13.351268 12.371288
-8.930019 9.206711
5.239984 -2.139537
-4.713926 -11.367860
10.773429 4.997611
7.779379 4.588348
0.611616 -7.421699
-3.136580 13.613305
8.825960 8.357029
14.007879 -3.671684
-0.112158 -2.733394
-3.805465 12.332544
0.292308 2.856678
11.615281 4.363892
5.746170 4.532021
-4.281848 6.289013
3.499798 11.765463
2.508020 -12.061592
3.804121 -0.391932
-3.646074 -11.241496
-12.184182 7.488189
7.058703 13.612041
10.540905 -1.374157
1.085823 -6.351880
1.047190 -2.661933
6.721503 5.430140
-14.565386 10.099457
-6.346405 -1.624956
4.315234 -6.589963
-9.961187 -3.707652
-9.993915 8.994721
-0.699055 5.132397
10.623452 1.349417
-13.027914 -1.466773
-3.296636 -8.368305
14.462337 5.760528
8.754354 -13.307425
-2.289543 12.912839
-5.999420 -12.919888
-13.402369 0.605466
-2.044300 -0.517319
-7.965906 9.826993
-0.084254 -6.330873
