11.928315 1.379644
-2.805119 -2.118385
6.551723 -5.264073
10.181535 -4.883927
0.587248 9.671029
-14.187594 0.911284
-7.995933 -12.642162
12.508771 5.835536
-14.943162 -12.503460
-12.835648 -8.998119
-4.214058 -13.946703
-5.247110 10.549392
-12.990188 10.718425
-4.955661 6.440008
0.724041 0.412949
0.358109 -4.156628
10.651155 -11.658788
0.792474 1.469194
9.819265 8.503805
-1.735171 -11.569558
-11.704692 6.795029
2.645500 6.271591
-13.401467 -11.205163
2.123858 -2.370470
-4.478357 -3.901981
-6.435901 4.423671
-8.512859 4.392358
-3.777066 13.219459
10.341057 -6.460478
-10.086803 -3.190382
-10.978563 -7.680936
5.554456 12.231650
-3.665993 -7.384899
10.585274 13.156462
5.223657 3.575439
-14.113059 -6.303316
8.775757 0.763885
6.317431 7.890251
1.851237 13.900568
3.663468 -2.370765
-7.942356 1.886421
14.191044 13.876744
2.705424 10.879383
-10.701662 -3.988106
12.583229 -9.501251
14.672847 11.089659
-5.444860 -12.045252
11.741708 -8.174199
11.427482 4.135651
-8.266061 -5.483227
7.288503 11.234437
8.567641 -1.943473
7.769605 -12.841632
-1.646390 -7.685199
-6.747246 11.352622
-11.982773 14.381113
-5.577877 3.490943
2.882692 14.383216
-5.397689 -1.059677
-13.076807 -13.890552
-14.500257 6.140524
-9.396571 -5.855196
-8.623352 6.490108
-6.816872 1.663282
-14.779754 -5.228399
14.712494 -7.627270
-4.703207 13.930765
-14.579261 -0.149295
13.541543 -0.776443
4.686845 -11.945880
-3.089518 9.947123
1.645489 10.852508
7.008287 4.432904
5.706958 -3.187444
7.646307 -3.860973
13.054010 9.563389
-13.413831 0.129457
-1.398720 2.288844
-7.818308 14.025399
4.106279 3.592869
-3.822511 -2.255716
1.500693 -0.462019
-4.113288 10.509634
-12.620939 -2.672465
-3.618192 1.225871
12.023622 -11.467166
7.843879 -10.418294
-0.780440 -8.749947
3.489283 7.942364
3.039155 -9.719844
-14.211226 -13.669816
-0.280106 6.954371
13.888266 12.841060
-9.407868 7.566438
-3.822938 -12.562537
12.015840 -1.028386
12.361400 -6.862433
-13.614553 7.861568
3.301060 -5.009330
-8.859291 10.169766
-8.208288 -9.111211
-4.019829 -5.325378
-12.937830 -3.737075
-9.974841 -6.707549
5.331244 0.721290
-2.935868 1.961091
7.320372 -0.027164
11.527650 11.892094
-8.307849 11.805649
8.424819 3.771841
7.740988 -0.998093
-8.947861 -2.568947
-1.867615 1.272856
8.444818 13.928092
-6.196855 -9.505339
5.429589 9.181841
2.162930 -3.389561
10.162809 -9.723983
10.621339 2.318094
6.442383 3.432530
12.904770 1.154747
13.356682 -4.377200
-12.188657 -13.287310
11.899577 -2.345483
-7.474413 -14.033607
-9.099172 5.282337
-5.273818 12.705984
-7.365486 -6.598617
-4.345288 3.894414
-10.212642 -12.827692
-2.736609 -12.005596
-2.808351 0.560067
-11.202674 -12.686346
4.746888 11.345066
3.328762 2.890145
6.553030 1.148472
4.622489 4.873094
5.486379 -12.730316
7.975139 -2.901548
-7.139454 13.283529
-7.232699 -11.955322
-10.165682 -14.371011
0.613730 10.716500
-10.480926 -0.748520
-5.214766 4.510897
-1.919315 -12.875651
-1.647537 10.689799
8.192500 7.093215
-11.201884 -2.116779
-5.623640 7.601881
-12.564960 -1.349246
2.555707 -0.338397
-8.548544 -6.445362
-7.401019 6.767571
5.600929 -14.714709
-10.471557 -10.880159
5.767651 -11.699426
-5.739895 11.634034
-13.395737 5.675132
-5.847021 2.524718
-11.327648 3.667237
-4.684343 -0.163836
1.814780 8.280323
-0.718949 -5.737746
8.789865 -4.148125
-6.011253 -6.995415
8.626269 -5.315108
4.228717 -4.425379
-7.042367 5.675874
-14.216561 4.810141
6.242091 13.155073
-3.763871 2.708936
-1.738459 -1.269525
12.924138 10.864209
-7.198004 -5.431777
-3.602780 -0.099498
12.452779 2.348118
4.959298 -8.541283
-4.869330 -2.052188
9.590152 12.944086
-12.150096 12.235688
13.807193 -12.713068
13.870120 -14.732162
-4.055822 9.350763
-5.242533 -14.073511
1.363855 -6.186919
3.364802 -12.150406
-2.260452 -3.114787
-1.151603 5.970353
7.083253 6.875667
-14.741520 7.168010
0.710211 8.665135
-1.304087 7.156453
-3.275882 4.759724
14.418221 -1.304927
-4.868893 -11.043200
-4.640866 14.977736
-10.233166 8.430593
-2.761889 -0.967641
10.933946 1.131734
-10.087537 5.606716
-2.076618 4.231712
-8.885225 2.389381
0.433501 -12.957222
-5.871147 -4.049079
-9.827663 14.469732
-11.282061 13.644671
-13.776355 9.932090
4.390480 -7.589881
-11.180084 -11.646102
9.889132 1.473353
5.876498 6.605309
-7.475970 8.478639
-9.080576 -12.624698
8.835718 7.878162
13.149701 -11.844997
5.630031 -1.189903
4.627953 6.186273
3.425792 -13.575586
4.558971 7.973636
1.864701 4.520532
-12.860598 -7.968685
3.514096 6.924353
10.961323 6.589921
8.991739 -9.892175
-9.684451 4.326315
14.513589 -13.500658
4.119121 -9.574653
10.440452 4.695631
-1.577501 9.092684
-6.468777 -11.305802
7.466306 3.395968
-2.196495 -6.358923
14.931920 -2.640029
7.910508 6.008352
2.520579 -8.851716
5.667463 5.374040
4.513375 12.378201
-1.328143 -13.842248
2.256168 11.820635
12.930679 -1.602553
6.846723 -14.845109
7.091366 -7.488380
5.461088 1.879524
5.857398 10.862101
-1.223768 -3.641413
-6.967597 -14.980331
-11.933089 5.261973
8.496391 -8.311119
12.364467 4.584683
9.766666 -3.661858
-2.997707 7.428515
-13.348118 14.097766
-8.743346 8.424141
13.908529 -2.179359
-0.295649 14.380021
-14.957256 9.960158
-14.118072 11.877576
9.403632 -8.928746
-6.936074 -10.344088
1.524020 14.845927
-11.974557 11.221995
11.619664 7.345837
-8.041199 -7.930689
-12.257571 -0.313838
-6.013701 6.671684
6.866918 -9.699049
3.808388 10.585439
-0.946406 8.245025
-7.997556 -10.261903
0.713373 13.950767
-4.275761 5.352218
-2.043050 7.848942
10.895095 -2.863611
-2.691729 11.109399
-8.139988 7.492247
9.869393 14.009205
7.568171 14.436624
6.242198 -2.208481
-7.779157 -3.449466
-7.183785 -9.268398
9.325270 11.712877
2.992359 0.591572
-6.522356 -3.267618
6.172937 -13.890887
4.240179 -12.902299
3.619674 9.400439
-12.639894 7.578186
14.008462 9.207611
-3.638745 -6.320328
4.200247 0.915886
3.405910 12.653908
13.474786 -13.685305
6.774251 8.802357
7.565233 8.167771
-2.422103 14.682328
10.327290 12.180446
-12.533277 3.197352
-14.715041 -11.474118
0.148561 12.036333
-9.230379 11.225910
-2.050374 -4.344590
12.559551 6.991040
7.430033 -8.467542
-4.628197 11.407542
10.043691 0.047895
-4.930274 -5.891545
-12.950790 -10.160622
-0.236179 1.604412
12.237729 14.510862
-13.504538 12.995558
5.873714 4.369262
-13.749412 3.625949
13.142506 -10.571402
-10.722903 0.266694
6.138685 0.028152
-5.696539 -7.966209
11.817749 -10.453789
-14.525465 -1.545385
0.521777 -8.017007
11.141198 -5.224430
-0.747881 12.603329
3.671986 5.464911
3.387594 4.405282
-1.146113 4.891711
-7.090578 -4.264182
14.922481 -9.572529
0.402411 6.089750
8.954280 5.926205
12.715259 -12.757051
4.052637 -10.618748
13.189522 14.192669
-0.505863 -11.853263
9.039547 10.557809
-10.116043 -4.857479
-2.086810 3.150371
-5.686657 -0.049135
-11.047853 -9.081219
14.734418 8.338572
-4.007891 -10.532617
9.587195 -11.821706
1.692417 3.043541
-5.993746 13.784249
11.580393 0.264407
-12.371250 2.067915
-6.888179 -2.244414
-9.255118 -9.632256
-13.182550 4.607903
3.215383 -3.327058
6.673617 -11.071780
11.173647 -3.984865
1.928924 -9.725186
-7.613841 9.775164
2.193779 -14.319520
-14.296678 8.792946
-13.229781 -6.976524
-10.694141 4.441278
1.159026 -13.848273
-9.896683 -7.982060
4.587726 2.545720
-1.674159 12.175628
-11.205171 10.363421
-3.731140 -11.530674
9.582388 -14.264417
-9.015051 -7.470792
-10.163820 -1.834291
13.553910 4.108829
-10.560484 -5.871908
-6.385859 -1.355378
6.427251 -8.771695
-9.092766 -4.849730
7.454615 -1.984283
10.943931 -13.614657
-8.095474 5.553395
10.024379 10.972721
-13.131009 -5.900702
8.287555 2.743802
-2.935123 -9.919993
-8.113993 -4.476690
9.227245 -10.884765
-5.275200 9.544447
6.361354 9.956971
-12.262349 -6.674256
-14.301735 -7.422580
-5.346187 -8.929028
-8.124809 12.934436
8.102530 -9.291027
-6.956790 -12.966052
8.669134 1.764529
13.729504 -3.435114
-2.040464 -0.104949
2.447526 7.439634
7.590101 12.360172
1.286773 13.010291
12.836630 -14.605754
0.343328 -5.494656
-3.312980 5.992327
9.530393 2.639243
-0.703590 3.103287
9.492231 3.959888
-0.773580 11.597412
-8.163943 -14.928460
0.682240 3.622062
13.367653 5.166323
-1.926182 -8.757264
-11.206762 2.434865
-14.659100 2.801222
-11.648360 -3.154981
-0.357388 9.151042
-9.859694 -11.724056
-7.037541 -7.889842
11.646518 2.984614
1.824768 1.962097
8.279914 11.411717
-11.533122 -1.023243
-6.833786 -0.363186
8.786728 -13.436613
-6.635438 0.655604
8.034708 4.905391
0.522444 2.557752
10.444346 7.701396
-14.997953 -14.523862
-0.248666 -1.950450
4.886103 -0.513697
-7.709068 10.776899
-6.402073 12.545800
14.788187 1.693785
-9.477554 -13.578676
-7.846838 0.671166
-8.426941 -11.385619
14.267996 -11.795959
9.599355 -5.783935
-12.200076 -11.035237
-9.999525 6.636487
-11.834064 -4.307092
-1.079336 -0.461122
13.640813 1.903686
-3.058618 3.517220
-9.969848 1.065091
-0.853613 -12.900983
0.263295 -10.901717
4.794955 -1.798067
0.144338 13.098496
12.347375 8.068492
-11.103798 1.291207
-8.870161 1.261580
13.675027 -6.430600
13.870199 10.258872
14.695363 -6.381594
-12.572967 6.271512
-9.855029 12.060066
-5.162705 -3.142640
-13.827596 -4.692794
7.727031 -4.862516
-13.780773 6.868796
-12.263734 0.717399
-13.633618 2.625633
-4.580950 -8.206562
9.044031 -2.882127
-12.913603 -12.448140
-5.743200 1.213142
6.780947 -3.224115
-0.771504 -4.611949
-0.238839 4.035893
-4.304151 12.361057
7.431482 1.676919
-13.786806 -0.807631
13.883572 7.319996
6.319961 2.402557
-13.117671 11.729201
1.379150 -10.577010
2.266798 -6.779512
-8.078449 -0.410060
-14.871497 14.309665
12.066778 -3.333930
-1.269468 14.866886
13.798693 11.619935
5.277478 -10.741902
-6.800480 7.677944
-9.522835 9.265567
11.663565 13.197804
11.939781 10.360864
10.690447 3.429680
-7.968390 3.436590
3.842628 13.676233
-12.925684 -14.902500
9.027840 14.753646
-9.243697 12.944173
4.859669 -6.581203
14.231623 0.832763
11.127018 -9.010847
5.530472 -9.409036
1.051698 -2.127612
11.156405 8.647841
6.318195 -4.111037
-0.470630 -9.771299
-11.522663 -10.173477
10.970668 9.926881
-9.440864 -10.724571
-12.264681 13.290875
2.908985 -10.893559
-10.814395 14.731913
7.751722 -6.046446
3.787163 -8.546803
7.690523 9.225927
-0.650029 10.272394
11.629445 -6.173324
9.865198 9.749021
12.162349 -4.921514
-6.416147 10.376060
-1.382923 13.557361
6.514990 11.911307
11.445585 -14.823447
-7.496308 4.718077
10.306288 14.936112
8.530606 12.923318
4.929149 13.361129
11.217039 14.110980
12.772111 13.205979
0.880397 -3.162995
-7.665576 -1.412909
8.270436 -7.020654
10.706751 -10.584495
-4.977989 -4.857065
-4.626085 2.015798
9.369842 -6.770897
-5.829262 -2.370520
-11.007773 -13.671486
0.865261 4.890730
11.112747 10.924089
-9.218641 -0.269640
0.306858 -0.996356
3.933470 -0.070391
2.553574 -12.981265
14.349431 -8.647733
1.579717 6.703361
-8.498370 -13.886139
3.475774 11.573394
-1.552157 -9.865588
6.805694 -12.277620
0.898682 7.675015
-13.228587 1.322018
-5.902217 5.370796
1.619138 5.681075
13.059607 -5.449906
2.397503 -5.700903
12.575072 12.100033
2.186423 -7.899833
-11.976829 -8.454894
-10.101080 13.461949
5.275127 -4.335205
-2.854717 -13.275576
13.240926 -8.637126
-4.885462 8.592482
2.299665 9.729244
-6.647838 9.369806
2.332382 13.007731
7.143925 -13.630791
5.898269 14.101481
-11.207182 -6.660546
-1.718171 -5.410303
13.319312 -7.437368
-12.572171 9.717509
-14.417703 -3.529768
-2.832272 8.562607
-4.955305 -6.937953
0.506359 -9.250673
-14.767564 3.797572
-2.790932 12.532254
-0.036397 -6.624668
8.966720 9.188132
-13.738376 -9.515525
2.821567 1.677107
-5.901967 8.620896
5.603916 -7.415403
6.645324 -6.502927
7.499277 13.381524
-5.918396 -12.964479
1.442827 -8.742905
-14.246001 10.873941
-10.118552 2.213891
6.694531 5.669909
-14.409422 -8.735047
-12.020608 -5.608782
1.356586 -4.079061
-14.455725 -10.412662
12.177511 -13.693897
10.269215 5.711880
-3.905302 8.275533
10.609341 -0.920453
9.385037 -7.773219
-13.504104 -1.862305
1.280206 -11.945444
-0.956246 -10.860037
1.443743 -5.108608
9.458389 -1.057333
4.877915 10.322536
9.428982 6.828396
-5.824408 -10.465937
-2.790500 -7.895024
13.356793 8.339200
14.378729 3.154524
0.586968 -14.798303
-6.267141 -13.912941
-2.334811 -14.283706
-1.148721 -6.796273
-0.284552 -3.101572
-0.916664 0.598127
-10.268792 -9.807417
12.674887 3.629094
-7.365931 12.258574
-6.721709 3.274372
-10.769347 12.712112
3.249005 -14.630313
5.100221 -5.336520
12.079338 9.067399
-4.393125 -9.374122
-10.797685 11.575391
8.066896 -14.188886
11.682272 -12.807652
-2.458322 13.506664
-0.633881 -7.728857
12.722627 0.106890
9.196868 4.952362
-11.822081 -14.299370
14.194982 -5.398547
-10.704212 7.431601
7.678823 -11.441968
4.822553 -13.806082
-5.911391 -5.388877
-14.019764 14.936496
-3.663723 -3.288114
13.764911 -9.526439
-3.336409 -14.612772
-10.207162 10.124101
-4.720838 0.882744
2.455289 3.709821
14.480676 -10.481394
6.731775 -0.849462
-9.154563 -3.819935
2.681235 5.118178
1.164889 11.761595
3.497868 -0.996793
-14.980542 12.400486
-11.328357 9.140160
4.705973 -3.319698
-4.773554 -13.095937
11.350682 5.217383
-2.337950 5.264714
3.776946 -6.059187
-3.414892 14.158593
8.684850 -12.350037
14.549654 -4.445981
-1.334198 -2.458563
-3.508688 11.686518
1.726639 0.788458
8.672345 -0.358530
-9.094060 3.440564
-4.056497 6.920858
-8.926854 14.015891
2.255130 -11.701574
14.387990 5.077237
-2.576481 -10.854257
-11.154499 5.897681
4.823741 14.493635
10.216678 -1.935552
1.186962 -7.262161
2.455627 -1.344989
-0.222499 -13.904122
-12.659962 8.639919
12.950400 -2.648324
3.454285 -7.075510
7.421004 10.238509
-11.489289 8.151533
-2.159385 6.497316
2.710301 8.778821
-13.618172 -2.887294
-3.422992 -8.670359
13.893791 6.053697
9.793750 -13.112899
-13.948335 -12.322168
3.822415 1.851732
-3.361906 -4.267990
-12.849473 -4.910029
2.354843 -4.426597
-0.160776 5.095112
10.451789 -8.024360
-5.928042 14.866202
-4.311614 -1.164494
11.320343 -7.226605
