7.997680 -7.790691
-14.885044 -12.078595
-2.695107 -6.270468
-13.327591 -6.318455
-8.881532 -2.360253
-13.379266 -13.980584
2.241095 -8.352020
4.125548 2.358551
-7.888982 0.919123
3.673034 -10.844049
9.839324 4.182337
8.131805 3.980910
-5.440075 -8.924583
-13.780439 13.376271
-0.384949 -11.686256
2.307595 0.452307
8.746065 -7.102574
-5.386875 6.991681
-3.706465 -1.819350
14.932255 4.544016
-8.375775 -12.296022
10.896574 -8.689124
-9.896225 13.678288
-8.732740 9.773835
5.831139 3.283381
-7.539613 9.830919
-8.616429 -14.457467
-14.465141 -4.927864
-1.970162 -7.155648
8.296335 7.041248
6.464008 5.597322
0.061320 -6.394460
-14.690684 -2.766887
1.276345 0.918940
-11.956268 -11.150203
-13.012447 0.043639
9.577382 -12.558269
-0.174284 -8.402713
-12.878570 -9.158656
9.784380 -4.186713
9.143050 3.213076
8.010578 0.336653
-12.038262 -3.808144
7.685748 -12.197993
-7.504009 -13.466632
10.811130 -2.566547
-4.948713 -0.902986
9.435539 5.333776
-12.866187 12.869972
13.838860 -4.399638
-4.731950 -9.714959
-8.310002 -1.525662
-10.553873 6.865235
1.300413 11.023435
13.105707 -0.678479
12.348078 -12.357097
8.751182 -8.563503
5.711936 14.134126
-5.106782 -2.144685
-1.074947 12.083976
-9.303770 14.765113
-9.205521 -5.456355
3.719010 -7.371602
0.165123 -4.116918
8.734093 -1.811321
-9.252148 -6.619375
12.247900 7.784320
-1.096306 -13.445196
-13.611624 14.427162
-1.346689 4.057056
-4.565578 -8.276628
-8.767190 11.674355
-5.639777 8.066085
9.116069 2.118440
-2.451202 10.338984
-0.642256 -9.429907
-0.735706 0.990694
-13.825310 -12.781799
-6.964160 -12.599395
3.998250 -4.183100
-11.160780 13.716079
-4.322723 -14.292618
3.407977 -11.847526
13.398096 -14.921903
12.536587 -13.719874
-11.421944 4.068315
4.074656 10.925258
10.463650 3.019288
-8.290770 -4.961849
8.510656 8.926731
-7.251876 -10.579809
2.990201 -13.117919
7.543163 5.584280
-3.561149 13.727328
8.463959 12.602910
3.192641 -9.486000
1.675857 2.057594
7.517330 9.562609
0.283262 11.039852
10.535647 1.253858
1.375283 14.764336
-0.773210 9.256639
-11.449338 2.947869
5.692417 -3.086558
-12.904293 -4.328828
-0.003127 5.016185
-12.461053 -5.711121
9.882601 14.221044
-3.595908 -11.480789
11.863513 13.730455
4.112486 -5.356158
0.855999 -0.335677
11.569245 -13.424623
2.182352 9.547822
-13.626377 5.964830
0.991307 4.523952
11.903325 -6.277440
-12.943898 3.001457
0.728611 -12.892551
4.347895 -14.389127
-9.670554 -14.096281
-8.736907 13.720607
8.421605 -10.988375
6.498750 7.766258
0.966940 7.660890
-13.523292 -1.010952
12.948341 5.198026
2.840099 -2.135556
14.569464 -6.183653
11.459485 -5.018895
4.277395 12.384062
14.954691 -9.203034
-8.200427 3.120117
-2.675292 7.906775
-12.789081 5.088430
-13.456223 -5.250837
2.935035 -3.871239
12.293244 -7.574676
-7.641719 11.667660
-6.557939 10.324926
4.933040 10.300321
10.679614 -3.679392
10.642549 -10.817215
-2.383029 6.943378
10.857633 -9.825145
-10.187635 2.727202
-9.022589 8.135675
-7.058378 13.952255
6.853479 12.216704
8.749620 -9.785617
-4.608771 11.232900
9.733915 -2.809755
-10.852388 -3.923164
-10.713460 12.720264
1.039571 -1.344429
-2.830105 -1.110185
-7.908860 -11.371077
0.336666 13.043296
2.204401 8.326650
-3.177877 12.754934
-3.112132 3.059716
14.425756 10.831185
-7.678619 -8.780997
9.620112 6.369537
0.996266 -11.843416
-1.377376 10.265052
12.677052 9.600542
7.901577 -9.231312
13.857625 0.110618
6.720107 -3.816572
2.582975 14.843464
7.298948 -0.437093
-12.423737 4.101408
-10.372242 -9.423614
13.787768 1.180367
-8.497710 -13.339470
0.865545 11.938131
-2.269848 -12.166400
14.134734 14.275507
3.270614 12.674777
1.246858 9.902365
-9.946286 1.612617
11.319439 12.842642
-0.773264 13.309277
-9.520564 6.776270
11.956502 5.024127
5.905013 -6.428249
-10.652392 0.571817
13.807361 6.274991
12.714637 0.441475
-3.662728 1.901404
-10.046546 11.543458
2.078300 11.746864
8.253083 11.204481
14.303678 13.152484
-11.861427 -2.115130
10.100044 -5.219552
5.539591 -8.869902
6.756979 -7.941345
10.911165 4.853551
-5.687860 -11.406822
-11.373283 6.146984
-4.984541 -3.355900
-2.820770 14.419823
-0.069662 14.492865
-6.019789 2.135093
11.992361 -14.937417
12.621126 11.081870
-2.290763 12.256318
-10.394514 -2.137398
-0.301851 -12.775812
1.700049 -5.388294
7.018777 4.659192
-5.182461 3.894213
1.551833 -2.204259
13.169093 2.885086
9.382018 -13.883508
13.690810 -10.719827
-5.473477 -7.585975
4.131013 -13.318010
3.224652 11.496460
3.439369 3.135067
-8.130873 10.671728
-3.792370 -0.433207
14.193566 11.807050
14.074604 2.312806
13.839166 -11.803280
8.473336 4.956731
-0.112141 6.031349
-1.671434 -14.323005
-14.743980 6.766217
-1.901184 -4.273990
-0.829130 -5.039365
-6.615371 -9.444493
1.889914 12.851052
0.851576 6.641645
-2.509805 -2.276455
-8.394415 5.614232
13.144441 11.967642
12.541995 6.541514
13.639434 -3.293971
8.663512 5.983561
14.498333 7.446861
-6.464951 11.825107
-5.283739 5.968920
-10.438489 3.771261
13.603047 -13.493530
4.574323 -8.424654
-7.818976 13.291675
11.124262 -14.416596
-11.137040 -10.285141
11.760109 -0.639492
8.291006 -14.314720
-9.454282 12.470939
11.952018 -9.628331
-1.231121 -1.223297
9.897561 13.098289
1.110908 -10.222769
9.430885 12.088858
-10.170083 7.919019
11.319519 -12.340731
5.172243 -5.721712
1.934126 6.100626
-11.125285 -13.088375
7.154594 0.887705
-6.322001 5.753085
-11.974883 1.273553
0.563663 -7.464993
3.882668 1.185102
5.459798 -0.050805
6.500608 9.441774
-10.439702 -0.515365
1.956194 -4.362442
1.182654 3.288847
8.730496 -0.547143
6.245663 1.855967
-14.178239 0.148138
14.124232 5.252631
-9.763125 -11.942426
1.887650 5.030098
-0.427859 7.217976
-6.474227 -8.241881
4.285040 7.011321
11.298436 -1.546549
-3.226655 5.371929
8.514119 -13.038281
12.779944 -10.298187
2.694594 -7.293525
-3.091746 -7.352216
6.065559 11.374998
10.564176 8.997869
-1.694860 -9.041077
0.422673 -9.343012
-11.214614 11.639506
-9.236886 10.662945
-8.110722 2.002010
10.449639 11.789767
2.608417 -11.028470
0.681497 1.740952
8.245635 -4.397652
1.030488 -14.209730
-2.676148 -14.324739
6.177846 0.649116
11.786056 -3.750637
-8.564874 -7.503068
14.851854 -10.274424
4.233959 -0.903601
-10.031268 -10.650111
6.607516 -11.978092
7.231705 -10.162481
4.402841 -11.955524
-13.279933 9.810268
-7.401180 -7.166180
-12.307839 13.842975
-12.892688 1.840926
-5.755259 -0.008022
2.534112 3.825058
-4.800040 -5.633921
10.216946 -1.645043
5.210384 5.889861
10.317223 -11.864494
8.834676 10.195017
4.731244 14.589072
7.456627 1.856955
-9.473905 0.234129
6.643165 -2.406757
9.691959 9.648414
4.430591 8.455962
-7.564956 -14.499373
-6.886733 0.286528
-11.215351 -7.226898
-11.778091 8.300875
5.387224 -1.150874
10.860108 8.040267
-10.815513 10.629946
-12.404834 -10.168592
-14.417995 -11.132687
-7.194446 -0.919510
-4.161445 -2.778265
12.317268 12.757284
5.055281 11.517343
-2.340626 1.486393
-9.027012 -10.742148
2.389330 -12.039173
-6.721558 -11.481272
-2.808305 8.986481
6.628660 13.381557
12.450853 -1.453007
-3.878426 -6.243255
7.838635 2.821003
0.345445 0.537766
4.841744 3.503639
-2.380013 -3.311971
2.146422 13.842887
-14.900964 13.789692
11.613329 1.207278
-10.842256 -12.006876
5.968391 -12.785398
-2.005362 5.955356
7.357826 -6.459339
-1.032717 -3.552043
-11.849254 0.248976
-11.141453 -1.246929
-10.904077 -14.353408
-11.755092 -9.376842
5.377009 2.385997
7.437602 -11.167823
0.102349 -10.615627
2.225444 -14.082393
-11.589229 7.147101
6.946844 3.468635
-14.483563 11.260864
-5.904161 -3.764249
-0.993850 3.076975
3.373362 -8.453323
-3.802995 10.629661
4.917821 4.911805
2.209163 7.215216
-2.939394 4.301877
-12.496581 -14.917551
-4.835473 8.674699
-11.391724 -4.765402
-9.289603 -0.798039
10.853010 -6.132235
-4.457236 7.577363
-13.662347 -2.844460
-3.884294 -4.971015
9.580969 8.526322
-7.385980 -5.413278
-12.415626 -6.924889
-6.284955 -13.918421
2.448642 2.810740
14.169129 -1.188027
-14.889031 8.777557
-1.693710 8.545455
-12.626512 -2.884338
-9.593946 9.084615
13.132884 -2.205538
-11.523812 5.075632
-11.821613 12.694259
11.960385 -8.583034
-3.766298 14.839906
-9.837111 -4.473371
-2.383398 -10.266515
-11.564884 14.669894
-13.819799 12.321443
-1.819595 11.304217
-12.628703 -12.042229
0.465470 -2.192318
7.664632 7.896869
6.730638 -8.965084
-3.589968 -8.530794
5.555380 8.256243
13.434194 10.314192
-12.071573 -13.927317
-2.859475 -4.604398
-5.050124 2.782812
9.300106 7.562279
-9.287123 -9.546469
13.505942 4.350112
-12.541660 7.621561
8.721236 -11.984777
-6.863206 7.912602
14.162367 -8.416236
-14.722168 3.009229
-4.680736 12.770851
-13.383996 10.962139
-0.015166 10.030806
3.982181 5.434289
-13.991665 -9.756120
-6.716708 9.107680
5.730542 4.309187
-7.199071 2.482339
-6.792405 -3.181396
-14.538241 -13.506767
-8.506115 6.792757
-12.580361 -8.132268
-9.984215 -13.090079
-10.078064 -8.306397
-8.918308 1.142886
1.056120 -8.395449
-10.415414 -5.412993
-7.985116 -3.126656
-6.906151 1.475904
-6.176320 -5.785855
5.134778 13.211811
-3.909915 9.365825
4.114446 13.375014
14.364687 -2.416696
3.320790 -14.156756
3.087642 7.844990
12.727350 14.254987
-1.239204 -10.347278
-6.265673 -2.221104
-13.265871 -10.867509
12.743573 1.747720
-8.206098 -0.260961
-2.384910 -8.115575
-2.061813 -5.489018
-4.617274 0.134892
-5.380451 -14.478034
0.136820 2.803962
-7.977040 8.751678
-5.924733 -12.883123
-3.650064 -3.686211
3.028396 -1.053768
4.505389 -3.302339
14.478254 9.656257
5.605853 -11.658706
9.910715 -9.453994
6.189526 -14.359999
-0.736445 -7.250876
-6.468416 6.982984
-10.394126 4.940363
13.132378 -8.560534
-1.145565 -2.461160
1.982407 -0.524654
14.730864 -3.781036
8.704152 -3.344731
-5.752455 11.047043
3.419617 -6.247979
9.553758 11.078109
-11.341073 -3.023552
12.771868 -3.971354
6.490795 -1.182396
14.578642 -14.434601
3.059271 6.634018
-8.655223 -8.534546
8.856259 13.672656
-2.004818 3.273956
2.232177 -10.096262
1.560054 -7.183265
3.393231 8.958233
-12.444513 -0.914715
5.177719 -4.435248
-13.809829 -8.516866
-13.748089 -7.434233
-1.835987 13.373200
7.185798 -14.495852
11.304366 3.572061
4.234572 -9.526418
-6.227914 -4.769348
11.029689 0.365966
-14.274812 -14.644426
9.071822 -5.021047
9.844306 -7.036970
-7.448761 -4.002494
13.364768 7.348052
8.919201 14.864942
-12.931892 -1.901283
-11.472635 -6.076572
-13.649062 8.381202
9.851731 -8.296639
-1.263845 -12.362848
-14.852098 -7.116957
-2.944321 11.220933
14.355911 -12.821169
-1.932383 0.547935
3.197751 -4.841468
-9.204213 2.310579
3.522866 -3.061934
1.262356 -3.388667
-10.720180 8.972013
-2.699269 -9.097401
-6.073259 -1.042989
-14.317390 10.005676
-10.325089 14.813786
10.407275 -13.615570
-3.785066 0.746601
-7.550468 6.166994
-13.932416 4.822333
12.502716 4.006676
11.692358 8.739953
3.868400 -2.112342
-5.808297 -10.255072
8.400208 -6.038895
3.156083 13.773529
11.471506 9.977489
-7.288594 -1.931095
-0.746402 11.083653
3.718167 14.685040
-6.434552 14.881403
-6.308435 4.319169
-14.181014 -3.848186
0.874309 5.629591
-9.346957 3.351612
4.766814 -10.944218
-1.059905 -6.152926
12.135369 -2.435916
9.968136 -14.714806
-8.780032 -4.061392
5.350364 -13.715447
9.583796 -10.630413
0.809797 8.728568
4.986774 0.965612
-5.062446 -6.603636
-2.880775 -0.003968
13.413662 -5.592832
-4.514193 -11.943134
13.474078 -9.522439
-0.132075 -13.888734
-7.934038 14.496094
-0.547358 8.231813
1.898980 -13.053508
-3.698428 8.358348
-9.886655 -3.205632
0.595883 -5.066544
-4.204745 -7.290013
10.638814 5.919125
-3.462059 7.197456
11.624922 2.533223
-7.355390 5.137641
-4.845856 14.470035
3.321498 10.097796
-1.083289 5.087685
-14.885686 12.364986
5.447341 -10.029961
3.682115 4.350226
-4.023684 6.268546
-4.121763 3.199083
-6.021574 3.152639
2.934241 1.736139
-12.827709 -13.144774
5.852712 12.471973
9.522682 -6.052170
5.599967 -7.776297
14.075668 -7.243952
-1.998699 -11.199932
11.490223 6.659162
-3.229299 -12.462675
11.235001 -7.536228
7.707285 13.446515
7.538766 -2.980779
-2.188035 -13.228286
-5.328405 4.913042
4.280163 0.196110
14.538138 -5.150224
2.894190 5.464022
-11.015981 1.816507
13.316295 -6.592858
-7.974269 7.722868
14.807997 0.442494
14.303789 3.514740
13.201483 13.339538
-5.792976 9.648063
11.885511 -10.757010
5.277819 -2.166548
-14.631883 -1.680440
-10.458757 -6.454222
10.541100 10.792520
1.140299 13.663141
7.789662 14.598109
6.175520 -4.705672
-3.893499 12.052304
-1.484455 7.519870
2.199838 -6.270890
10.803415 13.774456
-13.846320 2.276562
5.293399 7.277184
10.039443 -0.439888
7.214715 -4.793097
-12.397441 6.204154
6.875047 -13.516153
-5.038330 -4.490431
-1.024801 0.004952
-1.916131 -0.457900
3.214978 -0.060666
6.328925 -10.801860
4.204265 9.555669
-11.970564 10.786723
6.416088 6.602612
2.281295 -2.985370
-0.231267 -2.926169
10.360031 7.171102
-4.971695 -13.212304
-13.645976 -11.794527
-12.508710 11.853981
7.734250 -1.837817
-14.172826 1.322936
7.012473 10.648320
6.764159 14.499212
-0.125308 -0.730943
0.092947 3.858891
11.549251 11.719813
-1.378615 14.507480
-1.258571 -8.111957
-3.480492 -9.756829
-4.353856 5.280256
-11.724555 9.357575
14.804453 1.532207
-8.196453 -6.126451
-14.726474 5.578350
-9.395147 5.467199
4.681230 -6.668172
-14.765333 -0.665956
-1.101496 1.977661
-14.338613 -5.973613
-5.186605 1.297922
12.493955 -5.046007
-0.740586 -14.711641
6.658535 -5.742213
-8.105021 -9.861556
-5.869299 13.770796
13.413358 8.509248
-9.286619 4.462866
-5.415222 11.997630
9.282871 0.301438
-4.057352 4.197652
-6.558753 12.939344
5.354792 9.317384
-13.647912 7.359008
-11.277967 -8.347979
1.710192 -9.230775
-2.125863 4.919043
-8.163284 4.142928
-6.323669 -7.032254
-3.742827 -13.372107
-13.726380 3.819576
12.749767 -11.359648
-7.289980 3.627476
-12.754908 8.838291
1.130140 -6.277262
5.972155 10.332435
-4.296718 -10.727444
2.308402 10.747328
