-6.259074 -12.573342
-4.323337 8.106517
2.907383 14.227036
5.573677 -8.294290
-3.532213 -1.584673
-1.800300 11.894453
2.094333 7.658193
12.925313 3.055190
14.518317 -9.161795
-1.872166 -1.820040
0.869243 9.257323
5.611247 5.015490
-14.668913 12.541713
13.896329 1.006229
6.260326 -6.102518
11.364058 -0.608676
-6.447307 7.067580
8.077456 -3.926139
-6.255194 2.245345
8.265654 3.488717
6.561298 -12.288472
2.425498 12.620659
2.145645 -0.035488
-8.821281 -1.706543
12.735217 -4.670747
-13.308578 8.512420
-9.403501 12.724554
-9.043674 10.611043
-12.836085 12.251413
14.057094 5.942350
-4.680255 -14.982300
-1.960280 -2.834970
-4.430766 -13.955480
-5.496760 4.981331
-5.097903 10.303663
8.678658 -13.961657
7.091420 -5.492325
-10.375634 -6.872941
8.514067 -9.329905
10.215877 -3.521152
-10.281959 -14.188491
-1.388351 6.724416
0.804712 -2.559109
-8.803460 4.220208
-13.694148 3.873457
5.046123 -12.176265
-0.220524 -2.077180
-14.612332 14.896912
1.785083 -11.814749
-11.985285 7.894459
-10.506650 2.889398
-3.744722 14.577933
13.408387 5.157446
-7.974315 7.623073
11.945941 8.494165
-1.380920 7.944034
-3.442539 -14.415732
-1.414533 2.332512
1.382860 0.629504
-2.843178 -10.551068
10.966958 1.089171
-2.825386 -6.986149
14.401684 -10.355399
-13.486185 -6.445364
9.332686 2.978075
9.635248 11.059387
-4.625483 3.712332
-0.580174 -0.282127
3.202708 -7.030801
-8.222788 0.020327
-8.014776 -14.441656
10.186012 10.120092
6.990106 -4.294922
-12.199085 -4.332259
-1.306396 1.290549
-5.739020 -5.738921
-12.827291 14.303002
-14.497931 2.703691
6.743392 1.252176
-4.362194 0.809420
3.313008 -0.153592
1.796414 9.807112
-12.626545 -14.544049
-13.537109 -4.968787
10.934541 2.269740
12.414026 10.698872
-4.351733 -8.897281
-6.820965 4.954466
3.382532 4.245410
-2.707658 -12.659004
11.950475 0.428732
-13.849433 14.227330
7.395718 -6.858995
11.425556 -10.138716
-0.851471 10.737381
6.033030 10.779661
-14.150916 -0.565003
-0.757751 13.014327
-10.621466 -11.700272
-10.123830 -1.621206
4.075287 -14.928079
-11.145945 -4.558766
-12.905787 4.702259
12.510070 -5.739078
-9.121420 7.153772
6.711253 -1.123791
-6.312130 -10.374796
9.264273 7.994422
-5.987243 12.318230
6.522186 9.199740
10.002321 12.603751
3.050626 -8.391237
-12.753160 6.527516
-14.809140 5.848281
8.003118 -0.270150
-9.664411 8.999092
7.769520 1.381980
-13.829824 -7.426937
0.852747 7.874314
-6.949640 11.678559
6.614453 2.611924
11.560890 6.066011
-10.736461 8.570719
7.518419 -9.110883
3.562955 6.045740
-14.974639 3.907255
10.043618 7.305915
-11.614460 -11.432428
-0.595552 -10.167729
-2.537542 -3.969720
2.087785 -9.694166
-12.447504 -9.346464
-7.414792 6.764469
-1.600545 -5.865005
-4.378309 5.611047
-7.577592 5.634835
-3.480150 6.149160
-5.656993 -13.372553
-11.407530 -8.999938
-14.058687 -11.303109
9.934262 4.175955
-0.971561 8.879582
4.870402 4.244951
4.597158 1.786970
-11.353834 9.395355
-9.855629 4.149051
-7.490106 -6.300504
-2.325220 -13.884197
-10.105625 -9.386752
-7.809819 -7.251804
1.662316 -4.085464
5.568414 -10.083781
-0.319100 -4.041546
-12.718734 -11.023022
0.874114 -14.108932
0.734156 2.544650
-10.919965 -0.847540
-7.007778 7.905103
14.571944 11.437329
4.948612 14.562103
-6.647348 -9.271275
5.214238 -6.263062
5.679120 2.123512
10.461873 -1.380608
-2.155484 -4.901386
14.327960 14.703536
-9.377626 -8.672855
-4.536583 13.860965
-8.767081 13.688966
-9.919000 1.067672
3.078992 -2.156568
-3.707787 -13.146263
14.635729 -5.401631
14.640472 -6.434733
13.246813 -6.723373
-1.046066 3.339584
3.475373 -4.607494
13.057929 6.125807
-13.347105 0.073919
10.219363 8.723210
-3.718176 9.367422
-12.125402 4.063376
13.586071 9.334883
3.967867 -6.352031
8.011951 -5.963354
13.782889 -4.579857
-12.171265 -7.995372
12.422618 7.163392
-3.917328 -3.779600
7.349258 7.900948
1.424217 12.746852
1.250326 -0.547254
2.090640 -10.806994
-5.874465 8.156633
-9.435934 -12.896839
10.796890 -10.957410
13.521443 -9.695981
0.046611 -8.273210
6.676254 4.840267
14.141170 8.190568
-11.816118 -5.307692
-9.191227 3.213173
1.128865 -10.048202
12.137241 -11.195085
1.039431 -7.970860
-3.452556 -8.340891
8.190181 10.019199
-1.289530 14.211252
14.796778 -0.181455
0.695514 -3.598381
-7.325770 -12.676193
5.290925 -11.078922
-11.784311 -10.100179
2.995187 -13.783787
-9.362843 -3.649698
2.196564 -7.789460
-2.190670 13.424885
13.510301 11.365282
-13.583144 -9.250858
3.239504 -10.680190
3.863514 -2.943384
8.914241 4.250390
-0.325913 7.356781
-0.841290 4.618341
-7.087243 -4.421997
0.142406 5.060593
14.662013 9.378907
-3.524308 -9.475346
9.532050 -9.134026
-9.278992 -5.867284
4.349858 10.377223
7.087825 10.996158
1.856521 -2.805896
0.679684 -4.774959
7.869764 4.408532
-11.709108 1.136354
-2.552384 10.936162
0.183494 -7.240011
13.521797 7.037025
9.184808 -1.282398
-11.224773 -7.579225
5.622911 13.400105
11.500884 -7.901523
-6.433100 -8.204753
-3.795800 -6.206950
6.794924 -13.382006
0.098000 -14.877690
-14.796668 8.315024
11.674899 -2.949235
0.390554 10.600917
6.169303 -2.273329
-7.071828 14.720745
-9.268331 -0.781022
4.434717 -7.283020
-5.407379 6.072081
12.373123 -1.359346
11.317098 -8.930713
3.915029 3.318820
-7.868491 10.060083
13.523573 10.352129
-5.177380 -10.941353
-10.108626 -0.198383
-13.924730 -14.365132
-10.853621 0.520973
-7.832185 3.516746
7.477658 12.445518
-9.599737 -4.701973
10.472719 -12.835530
12.556931 -7.491510
12.203147 4.014094
-11.155847 7.188157
10.423738 -8.339956
-8.763739 -6.860636
-4.898191 9.246508
9.414301 9.363847
-3.136139 3.471577
-14.163573 1.726311
12.524149 -9.779663
-0.326689 2.623810
-9.552235 5.255175
9.428512 -4.282821
5.437756 -7.266792
5.259605 -1.482781
-6.743607 -13.610487
-3.751479 1.692354
11.107917 4.057842
-6.933419 -1.617151
4.201583 -10.295458
10.655927 -6.930591
-10.720925 -10.440503
-13.659934 -3.947128
-9.133599 0.434920
-9.138819 -14.209439
-14.664228 13.644455
13.438659 -14.705354
-0.698801 -13.906216
9.536399 13.741895
8.685256 0.574499
4.193572 -3.910138
0.858634 11.628491
9.870253 2.104771
9.172472 -12.652754
6.329880 -11.300642
-2.583595 -11.534529
-7.179217 0.822699
-8.396268 2.601162
8.552969 -11.044671
4.224091 7.058164
-1.993887 8.813085
5.165327 -3.577838
13.723802 -2.725682
-3.081354 -2.781937
-14.510930 -8.870389
1.899228 6.505177
-5.704787 -7.347026
5.085100 8.865272
10.682200 5.150575
1.168290 -12.894192
-4.495655 6.681571
8.379625 11.623719
-11.409873 -12.699516
-13.258108 -8.259717
1.398622 5.580566
-5.849611 -4.469792
-8.824354 8.277037
3.409599 -9.339630
-2.329915 1.172858
7.901179 -2.907778
-14.324257 11.452582
0.180738 12.386763
4.112196 -8.474277
-1.476472 -14.797603
-4.610988 -9.921836
-4.061987 -10.990015
14.914649 -11.703406
-14.245305 0.528511
-12.574955 1.942465
7.242505 -2.025354
3.052596 -5.693609
11.775818 -4.023764
-8.199171 -2.524279
-12.181593 -0.048344
4.632620 -13.997089
-8.556269 -12.357782
-12.212640 -2.351186
11.304211 -11.926625
-13.931053 9.351289
1.491549 -5.919095
-1.684131 5.698140
-3.207024 0.664181
10.964074 10.795419
-13.477855 2.458969
2.594706 5.511778
2.348742 -6.471793
-6.545275 -3.532990
-6.837030 3.414261
7.188612 9.971807
11.958277 12.794044
9.513355 -10.460607
11.493444 14.837288
5.550853 -13.385204
14.233415 13.316123
7.291597 14.239498
6.434151 -3.454415
12.220313 5.115215
10.510774 14.201506
-6.564983 5.981301
13.536593 -11.606196
5.080086 -2.503831
14.025979 -7.692864
-4.081320 2.703853
-0.713947 -3.059516
14.931022 1.112075
-7.686923 13.887865
1.707403 8.668676
-3.863967 4.470768
-12.830558 -12.423963
0.152249 -6.061796
8.355205 7.494632
-10.936318 -5.932852
5.513736 -14.555528
9.183272 6.197065
-12.308468 13.118353
-1.544704 -11.741251
13.053603 -10.665656
6.450763 -9.560996
11.586831 -6.532963
-9.630765 -10.318354
1.712153 -1.688882
0.173223 -13.120167
8.418933 5.517022
5.014884 3.074451
11.967263 13.826712
1.495197 -8.874165
8.418204 -6.947034
11.342299 -5.550343
-3.445185 -4.835157
12.760423 -0.195154
5.349932 11.802987
-0.684368 -12.295559
11.538137 -13.011095
-6.704254 -5.399318
9.950547 1.104802
13.289012 4.088457
-12.685171 -7.130824
-0.691856 -5.125587
-9.041288 11.699607
-7.300061 2.105282
-3.031821 2.473191
-7.404227 -8.462215
-13.852547 -12.392794
-14.246349 7.051509
-13.785014 6.120246
8.592160 8.739088
9.192108 -5.493930
12.886827 13.177398
-11.591856 12.404342
-14.524570 -13.419161
10.718526 11.789518
9.697199 -11.588655
13.072205 8.186823
12.750048 -12.453558
7.524816 9.017295
-0.804215 -7.694315
-3.217403 8.341874
3.628052 2.107825
-10.400989 -3.799317
-14.822861 -7.669258
-3.649450 7.268848
-2.832439 -5.676244
-0.043188 9.699001
-10.140933 6.063901
6.634678 -8.531493
-2.486076 -9.007871
-10.366826 12.393529
2.988667 9.590328
10.449043 -9.904544
13.795212 -0.250009
-6.640152 8.916475
11.816843 11.620837
7.701102 -10.099437
-11.814224 10.437464
14.744138 -2.605120
4.215084 11.486015
-3.269091 13.305294
-7.127813 12.908342
9.451227 14.757628
-8.128620 12.386858
1.482308 -7.065087
-2.727447 9.507911
0.185243 -9.491560
-4.243027 12.508641
-4.521091 -5.430447
-5.234157 11.378172
-2.585863 -0.130935
-2.749193 5.395113
14.639598 -14.018207
6.027308 8.258313
1.773214 2.602236
6.466915 -7.397361
13.610559 -5.655382
2.910801 -1.113554
12.889234 0.828312
14.384307 -1.646713
11.468492 -14.016535
-6.429192 13.690173
5.713234 6.924972
14.609187 10.394094
-2.085241 3.688905
-13.204349 7.512000
-8.187270 -11.414211
-5.167984 1.530041
11.058897 6.945533
6.050810 3.874819
-1.432680 -4.058434
-12.147675 -1.317402
4.117415 8.125655
-9.891719 13.769221
-5.031196 -1.178673
-6.658424 -6.914860
10.733394 -4.399510
-14.638465 -9.925692
10.302306 -2.385214
-3.641340 -12.052318
-14.306857 -5.625505
12.480594 -13.610587
6.042140 14.320817
6.574120 11.871978
4.046646 9.177947
7.109611 3.606486
8.798295 -8.335247
-9.780029 14.809488
11.402831 -1.800578
-5.516401 14.121113
-13.999069 10.460968
-11.584513 2.549374
-7.839154 -9.372554
4.504331 -0.793550
-1.597662 -8.445913
-13.239707 -2.937693
4.468297 -5.090324
2.237000 -5.067078
8.151560 -4.935453
-2.430787 6.571698
-6.198275 10.988759
9.520719 5.133665
-4.776329 -6.850706
10.497614 -14.498582
14.611334 -3.664262
7.456388 -7.891883
13.860976 12.351839
-12.417600 9.004874
10.597088 0.073979
-10.704663 5.022381
-6.954709 -0.184712
-13.244372 -13.567342
8.797410 -2.296044
11.021910 13.286294
-4.710107 -2.163701
2.001807 13.730072
12.795476 12.098615
5.774298 -0.522192
4.805844 0.212809
-2.511964 -7.998077
-11.870873 -6.406239
-9.953762 7.948010
4.929663 -9.211749
7.951703 -1.302542
-11.294821 6.010094
-0.850162 -6.613135
13.760992 -13.442181
8.037559 13.452438
12.697500 -2.543539
-8.693350 14.727622
-1.821172 -0.804015
-14.129339 5.042171
-8.816882 9.605497
-0.742860 11.934126
0.491298 0.145553
-3.760183 -0.610088
-7.112200 -2.606864
-10.619131 10.327661
6.650344 13.112721
2.335107 1.692190
-9.622779 -7.560805
0.376767 -1.271074
13.366066 -1.538852
-10.873300 14.456317
6.562548 -14.750077
2.861709 -3.153751
-0.078884 8.366979
2.769603 -14.758974
-0.822010 -9.094793
0.412406 -12.081239
11.677976 3.142307
2.051818 11.677940
14.318784 1.956238
4.354968 5.263013
-11.105705 -2.863647
3.892097 0.888115
-0.828704 -1.266224
-8.481109 -4.252044
-11.068108 11.413948
1.896675 -13.682541
10.297879 -5.905423
-5.418304 -3.198150
-8.794923 -9.734235
0.316015 6.474611
2.248170 3.765098
-7.330567 -10.275719
-8.391465 -8.186628
-1.661087 -9.920378
9.811086 -13.732158
3.752475 -12.871548
-12.159758 11.427150
-2.476211 14.444049
-1.736410 -7.112503
-11.847526 14.025130
-1.928850 4.728053
10.858045 7.947511
12.362038 -8.711258
-10.440224 -13.183283
-9.538726 -2.571857
2.852964 0.745815
-2.972074 12.204889
-13.050824 9.849419
14.471454 -12.670830
5.740321 -4.714197
-6.092783 -14.706493
-0.299596 13.949186
-13.513275 13.096348
13.137314 2.016016
2.625137 -12.707084
-8.425537 -13.403271
-0.634049 -11.210501
13.303087 -3.646097
-12.558218 3.147980
-12.090690 5.386901
1.271946 3.471006
-5.176810 13.091111
0.872356 -11.117145
-8.764235 5.883109
7.831816 -12.738109
-6.052736 -11.478799
11.400207 9.640602
2.804982 2.761962
6.727748 6.985564
4.992179 6.230280
-5.385714 7.167679
-5.042636 -12.308986
-8.077275 -5.341040
-14.528234 -1.807526
5.080608 7.816358
-3.596299 11.392442
5.657683 9.755106
-1.617054 0.198666
-8.111664 11.203361
-10.834859 13.388121
-5.768278 -2.213665
5.873470 0.633881
2.940236 8.544095
-14.266921 -2.785554
-6.156685 0.809970
6.375124 5.884699
-12.801596 0.931243
7.741268 -11.704939
8.160005 14.922973
-10.763711 1.685344
-13.160692 11.156339
-8.033832 -1.074812
7.692533 2.594808
-8.459209 1.469873
1.432863 14.972631
3.336842 13.065014
-6.076455 -0.813752
-4.766669 -4.356349
7.383766 5.680076
-7.860865 4.563163
12.039163 1.909160
-11.655225 -14.268221
-7.873713 8.683651
-1.569298 9.990094
14.657588 4.957884
13.503173 -8.545781
8.987233 -3.307932
-4.840745 -0.133941
10.431348 3.162756
7.426588 -14.196918
0.735269 14.045392
-9.978964 11.267936
-0.700211 5.938597
13.990013 3.333223
4.209760 -1.945588
10.192197 6.023540
-1.581434 -12.756400
-12.242946 -13.451126
-5.396323 -8.686807
-3.375469 10.357043
-0.013476 3.798023
6.777367 0.077522
-4.727015 -7.880188
3.315968 12.057532
12.436376 9.612497
14.586444 6.992881
-2.362287 7.624443
2.956451 6.975141
12.391998 -14.614509
2.888991 10.971546
7.815058 6.622850
-7.181346 -11.421702
8.972034 1.534138
-5.518966 3.113571
-9.610511 2.060414
1.126751 4.604620
3.939182 -11.542698
4.414687 13.443514
-3.810736 -7.328504
-10.424295 -8.395938
9.437629 -7.067483
-7.673830 -3.566908
-5.898114 9.664787
9.516893 -0.059378
-14.620990 -4.542706
-13.536610 -10.313233
-9.620517 -11.835244
1.180044 1.621758
13.150203 14.206730
-11.088220 3.789065
