-6.815877 -12.714206
1.973493 10.573777
12.865352 11.831113
-0.848075 -7.045092
5.574969 14.181606
-14.552035 2.130945
-2.116755 -7.690850
6.162459 12.446644
9.447002 4.176896
1.650815 1.750605
14.524052 5.976745
3.173720 -4.739613
-3.155177 -7.460411
12.214519 -10.637184
7.632612 4.587655
-3.721317 -14.644535
-12.479965 -3.393866
-8.838266 9.687377
-6.124966 -11.881074
10.458746 -9.157179
-14.407236 9.885756
1.454116 -4.320269
1.432257 -9.354287
-9.441247 -1.494033
13.579144 -2.283756
5.597061 10.962791
3.282568 -12.364599
-11.947201 0.187324
-2.136090 5.997746
-4.059166 6.159306
-5.944524 13.295677
6.641952 -8.512928
-14.831087 8.669663
-1.275882 -2.065381
1.282635 -7.435978
12.898034 9.780400
-14.761252 7.500287
13.351509 -7.647764
-13.705426 7.889652
-10.637358 8.944977
-0.461920 -12.313884
-12.740042 8.463967
-4.874539 4.799707
2.616297 -13.169066
6.356169 -6.268685
10.517861 7.821963
-4.068924 0.934255
4.361696 13.793354
12.611956 8.659302
11.263800 -11.231511
-13.597935 3.203009
9.394865 -3.558558
3.455964 -14.611156
-10.422828 -2.622998
-3.769235 10.481545
10.065688 -8.081279
-5.564359 1.342120
-1.415868 3.008710
-14.924514 -0.284535
-11.382609 -6.665810
-8.730088 0.999421
10.461750 2.244593
5.735095 1.919740
12.558635 -5.240422
-13.375432 5.518190
-3.188117 -11.343849
-8.109080 -2.070164
0.634972 2.811559
5.677637 -1.333718
11.114242 -7.730082
8.114824 14.517428
0.357376 -8.395903
-9.982627 -6.718880
0.245719 -1.569869
9.295288 14.707951
-12.284102 11.916624
7.414944 -4.526344
-8.943258 13.376844
1.467825 -11.334841
-7.968728 -3.293528
12.399533 7.218678
1.287069 12.812733
-13.321236 -14.489301
6.559947 -14.258712
14.450872 2.470620
13.833480 -1.299138
6.046647 -9.543147
5.139269 13.164300
8.411840 -10.747813
-8.268213 5.071468
1.353806 3.882625
-2.479002 -13.194627
0.883900 8.523087
8.732118 -1.365990
1.686105 -12.623605
-2.839925 10.879234
4.996482 2.767820
-9.205159 10.694521
-5.165465 -11.170610
14.582016 0.805190
-10.165260 -0.739058
0.725000 -12.150452
-8.298989 -14.625270
-5.622485 -9.005396
-1.783490 -13.968217
-9.185412 1.933140
4.429305 -10.410392
2.724762 -8.709514
-4.138580 -7.980716
-2.475263 3.306735
-6.731959 -6.513976
5.557563 -14.595499
3.748269 -13.429743
3.891460 -1.997198
4.975365 -9.543437
9.849208 5.135767
14.741701 4.302705
-13.307360 14.023866
5.388326 -6.726646
10.844092 9.796088
-1.349433 11.442321
6.360938 -7.331573
6.388190 -10.934358
5.481879 -12.219241
-2.776274 0.159977
5.729616 0.832602
5.778795 8.499598
11.523038 -12.281704
-3.038174 -12.345348
-1.867350 12.716177
0.508346 0.485553
-7.067859 -14.880930
-9.882349 -4.825466
-11.757744 8.775317
-12.747292 -0.820247
3.623623 -9.688269
-11.041614 4.136739
8.342336 -6.685805
11.637077 -8.933701
-6.783082 3.934224
0.864623 -0.604915
-14.013367 14.760979
-2.367425 4.947097
0.241728 12.243839
-12.174362 6.326803
-5.235346 -6.261713
9.224120 -4.934148
12.620897 -13.917234
2.708424 2.191310
9.496758 12.695702
13.682972 -5.617646
-4.457924 2.987765
6.620803 11.547803
12.569404 12.940740
6.393559 -0.350974
10.996204 5.404782
5.952618 -4.484643
10.639842 -2.885690
11.595709 -3.236991
-2.218032 -11.737016
4.351907 4.679777
14.071262 -12.390815
-4.795052 -5.290190
13.951907 -6.728238
-7.770002 3.634192
-2.687860 6.980548
14.946737 -13.843421
7.596233 -7.743568
-0.191342 -2.698782
-4.968726 13.730586
9.998517 10.580406
7.986883 -2.142757
-13.129095 9.980023
-14.335565 6.080963
7.720056 11.339673
-1.342240 6.656112
-8.390660 2.749785
1.339613 6.336624
-6.557647 1.579120
-10.561773 -14.293896
5.946804 -13.429274
4.960577 5.525415
3.887242 8.378224
-2.493069 11.885324
5.077403 -0.027825
3.139192 -2.813871
-1.143054 0.042990
6.954920 -2.693954
11.811962 4.566975
-2.600425 -14.576909
-0.391166 0.963098
11.719309 -6.398953
11.938685 -14.823871
12.795506 -1.556365
12.084700 -2.348343
-7.921966 -10.402442
-4.883720 10.997205
9.802661 1.470740
6.844003 -1.609864
11.582292 7.821422
8.443606 3.971208
10.742811 13.072650
5.618063 3.660980
-12.498412 -4.744401
-0.270461 8.855029
4.769921 8.924749
-1.521857 8.568714
4.519346 -12.655857
0.740214 10.952689
13.552843 -11.509477
1.216003 -3.322597
-9.051610 -6.352495
-14.305930 -6.026030
-7.371135 9.932769
4.000210 9.642895
-13.538044 -5.158106
8.168969 -3.223377
5.500458 -10.471619
12.890313 -3.084237
-4.394662 -0.247805
-7.587533 5.812461
0.024087 -6.025563
-3.532100 3.437240
-3.472558 9.227978
8.571018 -14.552597
-0.919487 12.369680
-12.984581 2.239912
-7.228437 2.536225
13.966135 -3.213963
-10.081786 3.799596
-14.773471 -10.474994
-8.373495 -0.975226
6.624573 1.440077
1.983694 8.518888
-7.644464 7.793175
10.531903 3.434804
-8.230525 -8.379087
0.283136 -3.944240
-11.088205 3.100776
8.921506 10.355238
14.509778 -9.511716
2.170605 -5.133714
-5.227982 -4.209710
-10.118312 -3.642285
-9.840499 9.630747
-11.257050 12.927263
-0.689523 7.655088
-0.975187 -11.223048
-14.415172 5.076145
9.501062 -14.158087
-10.966886 -13.320122
-1.513249 -9.134780
-4.753702 9.430038
-13.782145 -7.110538
-5.051327 -3.048366
13.849768 3.608727
6.442799 10.348270
-10.218245 10.566305
3.620603 12.618282
-6.013959 10.986387
0.909397 -2.351607
2.499397 -3.797956
-6.462476 -0.184815
-13.894526 -4.062883
14.338525 -14.964347
12.858586 -6.644036
-4.115405 -10.924648
1.602968 14.809908
-3.951344 -5.830513
11.911657 9.597014
9.693399 11.710382
9.584313 8.248164
8.593302 11.901520
13.731766 10.794965
-13.952874 13.112092
-0.332681 11.245285
9.698868 7.195432
12.458600 -11.674747
-5.864355 9.711189
-11.778102 13.931494
7.565269 -9.192308
-4.797994 -1.482443
9.633336 6.146386
-14.363835 -11.673647
-4.140172 -6.913617
-11.922425 -13.983916
8.452067 -8.665498
13.869598 11.944870
8.906676 -7.591795
3.964544 2.649459
13.632501 8.842183
-9.379903 3.066786
14.456929 -4.238573
-10.910572 6.798862
-13.972830 10.920308
6.913080 9.276141
-7.958041 10.843086
1.127841 13.872071
-9.356278 -2.710430
4.532314 -7.254563
13.525979 1.827120
11.415219 1.587801
-8.992963 11.819411
-3.702985 7.098435
11.140124 11.008370
9.456384 -8.951199
-6.006262 14.882348
3.188476 0.455988
14.574754 9.592434
7.408612 -6.267633
-0.797103 -8.049748
2.545749 -1.575409
8.440806 -13.507324
8.668805 0.997327
-14.684930 13.980234
-11.431600 -11.108751
-0.819614 -13.508318
-8.922569 -10.852593
-8.077487 8.927127
11.574644 3.456995
-1.178806 13.598022
-9.869707 5.033804
4.968273 6.528532
-12.346254 3.678307
-11.867399 -12.789042
3.514993 -6.787944
4.944999 11.985280
13.586697 13.108379
4.495475 7.420067
-12.180829 1.420661
7.408036 0.344862
9.700622 -0.858274
-11.239919 -4.958896
12.913540 4.272578
-1.096649 5.607519
-7.285492 -13.804671
-13.291813 -11.906818
8.117802 -5.294397
-3.185744 -8.602472
-7.626726 -7.230429
-11.946535 2.428077
10.131769 13.876719
-4.590745 -9.207359
-12.290317 13.000236
-7.970134 -6.156074
-1.530186 -12.750054
-7.893815 14.265207
4.748105 14.772994
-14.046557 -13.737295
6.088581 6.291973
6.919699 14.660016
0.233899 -14.330185
-13.780960 -10.825787
11.919664 -0.781013
-10.807879 -1.603377
6.265975 2.860890
-13.085656 -9.274593
9.206735 -2.427882
12.554925 -8.424949
6.383091 13.447484
4.552586 3.665085
-5.191978 -10.082028
10.249166 -12.036286
2.529156 -7.590020
6.806354 -5.322826
-10.027872 -11.666249
-1.752080 -0.904776
-1.696132 -4.135539
13.554400 -10.190740
2.968192 7.827309
-3.098119 1.345051
6.732696 -3.755962
1.488477 11.816918
6.480172 -12.032175
-1.857449 -2.903775
10.673874 -14.208427
9.515149 0.172859
-9.204713 -12.445673
14.651795 -11.409024
-6.266880 -4.333914
9.594828 -6.030579
-9.924731 -13.303130
-5.136227 -7.434780
13.531089 6.282202
-10.808022 -12.322450
-14.585744 -4.788111
0.338533 7.568072
-12.288702 -2.120874
8.379599 2.601066
-0.755475 4.586202
2.441890 12.729679
-5.108298 5.772944
7.289345 12.295137
-13.818527 8.893132
-1.245108 9.531002
-13.582261 4.213053
-12.053743 9.738897
1.206490 -13.931381
-3.661958 2.357510
1.791089 9.583236
-7.111540 -2.512957
-5.929784 3.412262
8.630982 13.219767
-11.424457 -3.909999
-11.456464 -2.730393
-0.712906 -3.754433
-9.805813 7.035968
-6.146448 -13.867663
7.232705 2.400900
-3.572954 12.036683
-14.731515 -3.505165
-7.078127 6.680355
-5.511731 -13.017359
-3.319871 -4.127977
7.286098 6.365993
1.757168 -8.384776
10.848033 -5.825139
-14.477308 12.055310
-1.951168 -5.145648
-2.601665 8.619597
2.286678 -6.379271
7.521319 10.147931
5.599576 4.730110
-3.036933 -1.889564
2.189590 -10.356844
-7.825206 1.623094
-7.169741 -11.321705
-2.776342 -6.304649
-12.563125 -6.819867
-10.245660 1.093280
-12.772529 7.408703
12.436307 14.294174
12.698936 -12.906205
-7.946169 13.118266
-2.327007 2.287959
-13.310578 -1.784248
-9.700612 8.435063
-10.534744 7.855551
-12.695529 -10.640996
8.431750 -0.194869
0.203856 -10.952685
-4.026556 -3.322831
-11.091505 14.803754
-6.982579 11.339733
-0.729000 -10.154640
-2.457097 -9.634510
-0.696070 -5.310550
12.298041 6.171161
3.274523 3.501735
-1.585422 1.052362
4.691440 1.578052
-2.875942 -3.033567
-6.018227 12.086985
-8.966973 -3.731480
-3.001255 -5.096982
10.672480 -10.407387
-6.902027 12.836864
11.586965 13.655873
10.438071 -6.763237
5.361697 -8.086683
10.670971 4.453831
-3.675472 -13.535630
-2.110073 -10.667143
-14.178528 0.428285
10.318169 -4.898109
-11.113750 11.905713
-14.849620 -1.423758
8.408325 -4.218149
8.433599 9.375948
10.809665 14.709721
0.137526 13.434341
-8.607355 6.912297
12.672990 -9.504928
6.001417 -2.293367
11.699622 12.294018
14.233018 14.016378
-9.253892 14.407697
2.144185 -2.605733
-6.906193 -8.681555
3.546712 -11.220283
7.629889 13.430601
-14.725059 3.249891
12.393084 2.874839
13.309311 7.720333
-13.087360 -12.986380
-5.009180 -14.696459
-7.310944 -4.099971
-7.162363 0.591132
9.545310 -10.303058
-5.211390 6.858336
2.457209 -11.577941
-9.404603 -14.382960
-8.700481 -13.531746
-10.522900 -10.679663
-12.557247 14.690245
7.093833 -13.246777
10.677671 0.629338
3.789666 5.798549
7.420579 -11.645280
5.672654 -3.381378
3.235031 10.326276
-3.202375 14.342013
-7.140157 4.877388
-9.487335 -8.511615
-6.050159 -2.228159
-10.487114 -5.765447
-11.589837 -0.846166
-2.700632 13.322593
8.383765 6.223458
-13.948096 -9.837981
-13.666411 1.499869
-1.816514 4.084346
-14.338952 -8.911275
4.598842 -1.144067
13.248029 -14.945323
-13.916442 -0.685984
-0.316513 2.421077
13.415966 -4.109819
-13.994198 -2.752769
4.838677 -13.746282
5.467319 -5.543781
-13.587544 6.803121
1.649834 0.357442
9.609001 2.788161
-9.228869 -7.525925
1.517849 -1.389606
9.831669 9.544946
13.164500 0.840115
-0.468237 -9.048000
8.156326 7.247481
-1.861535 7.547946
-9.644980 -9.627642
0.757796 9.577882
14.780439 13.113891
-6.020130 -5.346363
7.657280 -1.017218
-13.169042 0.264516
-8.384553 -11.782711
11.865273 0.340620
13.601346 -8.743168
-3.858584 13.418381
-1.822281 10.523429
7.103955 7.487988
1.074051 -10.405136
-6.048585 4.625015
10.886510 -4.020831
-8.930866 5.935164
0.019758 6.599452
-8.780298 8.003434
-8.461750 -9.446113
7.404559 -10.457117
2.585849 5.671396
-0.738526 -14.667629
-11.128308 1.702031
-3.977276 -2.238817
-12.926228 10.960979
-9.014337 4.110703
4.205958 10.878108
-0.371535 3.472358
11.264050 -1.735465
-5.638831 -0.763301
11.544389 -13.282701
-7.891801 11.963515
14.341201 6.988915
-11.646006 11.022670
8.546889 5.228051
-4.731728 7.766924
3.782534 -3.916271
-13.343632 11.963281
-12.027791 -5.739709
0.235095 -9.815377
-13.108410 -8.268983
12.853603 5.290520
4.208451 0.613103
9.176012 -11.661313
2.451149 1.141689
3.609198 1.614538
-6.163353 6.252006
6.568098 4.132369
4.254222 -3.029250
13.738081 -13.803790
1.038229 -6.257849
3.269545 4.768430
-10.889389 0.162774
-1.765244 -6.464294
6.025678 7.372295
-6.682398 8.675126
13.946474 5.027733
-3.760071 8.150113
-11.344689 5.470847
4.934109 -11.364996
3.579687 -7.814512
14.937217 -2.504449
0.813348 -5.106783
-3.368096 5.373927
1.478635 7.530468
-6.362279 -7.463912
14.634328 11.242599
-3.494472 -9.880899
-0.386345 14.338599
-9.322489 -0.195463
-8.245628 0.068994
14.083233 -0.132747
2.696624 -0.481846
5.224118 9.890708
-0.249432 10.167099
8.495004 -9.712881
11.077767 8.751505
9.381924 -13.016499
-8.813847 -4.739068
3.076725 -5.764335
-4.318043 14.543258
-4.685579 -13.706833
2.266691 4.300910
7.799554 1.544220
1.638489 2.911703
-12.128869 -7.736540
7.410723 3.409693
3.634687 -0.843603
-5.338973 8.598376
14.750853 -5.590115
-14.862814 -6.890204
-6.811526 14.121936
6.436164 5.326173
-6.818255 -1.314039
2.367709 13.733940
-0.645014 -0.849449
-12.334651 -11.581320
-10.977221 -7.793366
0.554263 5.519558
2.720560 11.444395
0.347202 -7.022124
2.958588 9.137756
12.888981 -0.252451
12.369905 -3.967377
-3.795476 4.461889
-10.647500 -9.565202
-7.169039 -9.683387
-7.201458 -5.486709
14.607512 -7.760464
-9.914721 13.048285
-10.074216 11.950891
2.180308 -14.239395
2.396129 6.756821
0.401346 -13.290629
-3.357999 -0.762820
14.288267 8.048860
-10.586441 13.874730
10.225691 -1.816935
-11.455563 -8.865942
-5.880284 2.374494
4.675946 -4.615648
-11.593853 7.704527
-4.101765 -12.602845
10.642111 -0.387936
11.583342 -4.827753
1.565074 5.164104
-2.020102 14.322438
12.412255 1.816571
7.909950 -12.655904
4.016767 -8.717733
0.365465 4.162593
-6.310733 7.428430
4.055084 -5.509685
-10.199403 6.038714
-12.424598 4.690374
-5.171216 0.390849
-4.645693 1.899008
-10.194492 2.186229
12.677178 10.803617
11.030294 6.615410
-1.266425 2.002681
-11.671122 -9.975826
-14.188643 -12.663082
12.240343 -7.441540
10.434407 -13.207168
-7.965419 -12.832809
4.963010 -2.087623
-6.335737 -3.300969
8.044181 8.343941
0.549528 1.527962
3.512792 14.383938
3.547880 6.777825
-6.487644 -10.516503
-4.818515 12.406793
