9.138820 0.537883
-8.241466 -12.420165
10.098861 3.537889
12.589512 2.990899
3.706156 11.978364
11.749965 2.280602
13.287441 3.895121
-7.941181 -9.521936
12.099994 -13.259082
8.730463 14.785087
-10.127996 -2.354790
-0.535293 -3.937133
2.987621 1.064159
-5.110744 -5.356475
-13.524483 11.499602
6.763643 11.108544
-9.987267 -14.059680
5.704777 -7.711630
-2.595347 -0.029832
-2.266322 4.852223
13.690402 -1.716647
-13.757894 12.928403
14.862053 -2.182771
-2.680078 12.797060
-8.016344 14.860070
-7.133801 2.745121
-6.907982 4.821277
14.133704 -0.820104
-10.595716 10.258062
-2.408502 -5.474264
0.614092 -9.691362
6.623000 8.530946
4.704144 6.845487
-7.139806 -5.686019
-11.192823 13.099062
-10.493558 -7.601929
8.107964 2.031454
10.552617 0.502723
-12.006921 0.166321
-13.933416 -9.806695
-13.241161 -13.862353
10.280812 -7.508863
-11.220598 3.156707
-9.724390 1.241242
2.409998 4.865778
-6.415837 1.702095
-5.740012 -14.233834
5.772634 7.511362
-9.052402 4.588027
0.026044 4.461967
14.558539 -7.985668
1.435958 7.629160
12.505167 14.630502
0.427366 7.868891
-9.994870 -9.790178
-12.672118 -6.282531
-11.665199 -9.550779
-8.143866 -4.014617
8.240908 -14.212599
-7.646557 -8.457868
5.367364 -8.805210
-1.664453 -1.839278
-11.670669 8.281318
6.115784 2.194327
-5.324043 -6.439725
-14.147670 2.780323
8.123954 6.331063
-6.206491 9.539244
7.841587 8.490113
-1.555915 13.424056
-9.242412 -13.316093
12.053546 -6.720211
8.640104 5.355096
5.161766 13.783414
5.492201 -12.297784
7.307366 9.474794
-13.727930 -6.991025
-3.160510 9.342815
11.230508 -3.373998
3.530709 -7.209417
1.814055 -5.828905
14.652378 11.299230
-9.107815 -4.336448
11.271302 1.370408
14.936152 4.588369
-4.381429 -11.353642
-11.319307 11.440839
14.618594 -4.311385
-5.391839 4.261846
11.896136 11.797470
1.667519 -9.546301
-3.539139 -6.489600
-2.307167 -3.936613
0.688963 6.831087
-3.258814 11.088517
11.305642 -7.463947
-3.626654 5.934457
-14.298660 8.566045
2.562339 2.149182
-2.386471 3.826358
-12.045191 -14.557036
-8.609643 8.549445
-13.333537 0.713114
-1.833262 1.756293
10.136174 1.679957
0.196053 5.501699
-2.686312 1.012103
14.344537 3.721157
5.071648 1.230677
11.464239 -14.451559
-5.073717 -0.283563
3.917462 -14.187070
10.818746 -11.390242
5.300089 10.422815
-14.679301 7.607143
0.121817 10.692812
8.132930 3.436889
7.088789 3.699104
6.139014 0.064495
1.203719 -1.170959
-14.018266 9.556589
-4.915788 -13.545733
14.102579 -9.490347
14.636157 2.573647
-14.043021 -10.990481
0.188247 -3.202978
-4.806083 2.891999
-5.239030 7.472080
-6.620237 -10.869021
-10.245939 6.739750
13.195847 -13.487820
-12.638307 -5.274969
-10.700826 2.035054
12.819520 13.631120
-8.293603 -7.297240
-2.679409 -9.787819
9.011748 -2.404048
12.560027 1.645625
4.064034 13.987330
13.848477 13.990059
14.017327 -3.168396
1.666849 1.260097
11.180021 -1.822665
-9.882404 -8.590031
-13.891227 4.943479
10.929389 7.170675
-0.666643 -10.630574
2.167220 -6.945862
12.578818 -1.625211
-11.161039 -13.790080
1.139385 -6.788699
-6.684844 -13.849998
4.866409 8.102804
-11.336552 -12.761739
10.723848 9.383551
-4.577399 -9.653761
-12.548298 7.604269
0.399053 -4.378655
-7.376157 -11.649630
1.107751 0.413293
-14.098631 3.881678
-10.024585 13.783744
-1.919204 -0.777494
0.050258 -6.489502
3.402159 -0.617803
5.656680 11.531016
-10.094574 3.609332
11.378852 -5.952726
14.982417 14.366755
-2.147718 -6.608067
9.924158 7.266870
2.109291 -2.631977
-7.357365 -2.403556
14.379418 12.324889
7.535874 -3.296341
3.723737 -9.660844
-3.339956 -11.295353
8.641398 -10.294040
14.495844 -14.110693
8.148475 0.937153
-13.573657 -4.669559
-6.101459 -9.884392
7.414947 5.363586
-10.379258 -13.098442
2.396230 13.571194
11.054928 -13.084995
8.646779 -5.796179
-4.386075 11.670285
-3.110872 13.923801
-8.581838 3.641258
-0.967764 1.200477
12.360471 -4.364123
-8.685606 -8.578132
10.326559 13.510346
-14.600143 6.381378
-14.507458 12.242278
11.246253 12.599115
3.465688 7.983161
4.590665 -4.216000
-0.441137 -9.353089
9.162272 4.273624
-9.930594 0.131129
-6.070109 12.849339
-7.569555 1.595492
-0.266710 -5.295826
5.708026 -11.256522
-11.329181 6.024909
14.614133 5.655214
-5.768544 5.235806
14.073886 -5.661255
-7.715092 6.703182
11.898807 9.248540
-6.369494 -6.608027
13.711568 9.326882
3.405258 -10.828936
-10.789464 -9.012684
2.463286 -11.277547
-14.866419 -10.358086
-8.736474 0.167214
7.633492 -1.933624
9.025657 -11.254852
8.720698 7.376601
-13.101511 3.049091
14.817121 1.579255
11.998498 -11.266966
2.440965 -3.669187
14.883960 13.255433
4.482971 -12.899475
3.861643 -5.002116
2.642213 -10.108572
-13.596152 7.267931
-12.922078 12.357313
-10.302959 -3.489603
9.243829 10.379842
9.100935 -4.557481
4.317613 -2.344089
-4.919379 6.035223
10.037046 -3.453355
-12.872307 4.726129
6.679924 13.508529
9.273832 -9.276580
-8.039952 4.584947
-3.525838 4.849326
9.744363 -0.350821
6.631265 -8.260780
2.165712 0.332447
8.105708 -4.434525
2.926276 4.009128
-8.257403 12.784197
13.099976 -6.173740
-9.362657 -5.476610
6.577476 -5.991276
-0.154341 11.695212
2.255398 10.541483
-7.274421 -7.036290
4.285841 5.729719
11.497331 10.879912
-6.043341 2.940816
3.946415 4.092927
8.030669 -11.130408
-0.414084 13.643211
11.448117 -8.601004
0.512268 -10.813075
-6.222039 -12.014326
6.599507 6.545875
-10.149248 -11.194369
-13.630559 -5.904559
7.148255 1.397722
6.201993 -5.056547
3.044180 9.925374
-1.560691 -10.099470
-11.883546 -10.650790
-3.278404 3.181066
0.648655 3.263336
-4.032878 1.502247
-1.996784 -7.887736
-3.598710 -0.765926
-7.743926 -0.441650
-14.985302 -3.344766
14.127021 -6.690042
-5.385434 1.712701
9.718302 9.495255
2.103246 12.593035
4.640834 9.447217
-5.418071 11.479869
-10.845271 -14.792511
5.829885 12.961657
-4.715442 -3.259967
1.417079 -11.713417
11.655839 13.725018
-3.853087 -12.256680
-12.821295 -0.624598
-3.695163 0.390580
-6.595738 7.225464
-2.802867 2.219281
11.694290 -12.313807
5.382577 -2.108542
-12.345848 13.384333
10.159048 -6.475899
0.374571 1.119839
1.415197 14.466987
-13.974437 -1.502688
14.681476 -11.410775
-12.193575 -12.118248
3.146911 -13.194917
-14.240391 -12.182766
6.014555 3.816105
-7.073096 12.485029
13.003307 -11.916595
9.729934 5.152857
-0.954944 -14.977447
-8.585999 1.327574
-1.911055 14.688509
-1.119919 6.562924
-12.474611 -8.633737
0.617825 13.743447
1.455696 2.381160
9.698028 -1.453371
-4.144485 -2.437175
-6.393559 3.887734
5.278494 -6.612458
-5.164115 -12.226863
3.307241 12.901748
8.657504 -3.434134
-10.524592 8.426057
10.390167 10.456590
-9.888459 14.807192
-4.243961 9.081704
3.336872 -8.239201
-5.850740 -8.724916
-1.695026 9.369779
12.316772 -5.432062
6.597173 4.783812
-4.367980 -4.333535
8.703333 -8.175566
-6.602639 -7.943898
-0.950622 10.202382
14.715633 -12.906994
-7.257778 -3.460274
-7.049798 -4.604991
4.972836 -13.838248
13.563769 0.668138
-2.997400 14.965561
11.636301 -9.943895
-6.894145 -9.152840
2.589006 -12.288098
-2.769176 -1.818730
-13.266546 -11.759837
2.235345 3.177004
-6.931172 8.836802
6.469750 -3.151418
-12.658531 1.544417
-11.274651 4.202982
13.528545 12.907334
12.793842 -0.520365
-7.092171 -12.808944
7.656149 -7.811636
-12.405335 9.645998
8.031922 13.763284
7.114001 7.444295
8.879139 8.497767
11.970640 -2.565739
12.087724 0.637689
5.388139 5.229563
-4.036341 -14.789970
-8.271928 5.753620
-4.940108 14.603260
0.408264 -12.171145
7.113363 -9.268897
8.503018 -1.430346
-7.529125 3.684307
7.500448 -13.430019
-9.140493 -2.075230
6.437863 12.156975
-5.073264 12.650733
-7.165623 10.396886
-7.566932 11.439333
-14.822011 -0.783258
6.973273 -4.168904
0.382064 9.291256
13.242077 -5.041103
10.384020 -8.767422
7.151676 -0.957229
-5.164409 -2.241175
7.282992 0.362907
-0.561471 2.326552
-10.566385 4.961987
0.224119 14.839321
-2.383170 -11.874536
-12.163127 2.548412
-11.116346 -0.454187
1.440551 -7.874112
-5.975629 6.257107
7.445929 12.660661
-12.308290 -4.281126
0.464797 2.116987
9.147852 -6.708336
-2.702746 -8.728291
12.829133 8.660987
-11.691710 1.171226
3.063506 14.937750
-5.354275 -10.990289
-12.242987 -13.249899
-7.120176 0.376853
-11.542757 -5.720791
9.876523 14.410895
10.133751 -13.488173
9.050427 1.557982
-14.010875 -3.635257
10.108033 -4.468853
-14.393261 -7.983362
7.623333 -10.200289
14.692601 8.550517
-14.628307 -6.343960
-1.524907 -12.390770
4.895987 -14.877659
2.752214 11.634827
10.643733 -9.781581
-10.771575 0.717249
8.031193 4.508777
-9.020190 -14.524852
1.549423 -10.603027
3.601391 10.954981
-1.695106 8.228099
-0.525251 -8.230434
11.286017 8.377085
-2.716508 -12.910088
3.734888 -3.507267
6.752447 -12.571306
11.231863 -4.879406
12.501874 12.614417
-11.853803 -6.929994
-11.978856 5.193108
11.184760 3.658371
7.166777 2.592596
0.553416 -1.993464
-9.556049 2.360990
4.545854 -7.324062
-6.825655 -1.054477
13.598159 2.887115
-2.915246 7.994364
13.680051 4.982980
1.048324 4.240567
-3.793076 -10.333007
-0.619696 12.600748
12.442363 5.204715
9.785947 -10.591707
2.483924 -8.916468
-5.601980 8.413685
4.581606 -1.281025
9.491130 12.459438
3.634111 -12.186457
-0.339050 -14.087520
11.480669 6.312900
9.067854 13.441061
6.136853 -14.355700
-9.508816 9.576161
10.971688 14.589962
1.908634 6.669094
12.830449 6.166373
7.249356 -5.219660
-9.157039 -11.916938
-0.999296 -6.035900
9.646513 -5.591516
8.087911 -12.434745
-13.953769 -2.562881
-4.138568 3.727747
-9.271152 13.048755
-0.590489 0.138642
0.519539 12.532356
-0.322198 -13.061465
-3.893589 10.097957
-8.480302 10.365032
12.221015 4.150261
-1.536926 -9.010667
13.011128 11.623880
-11.971551 -2.214230
-13.238101 -12.799492
-4.778477 -8.334591
-13.249427 5.884178
-6.192292 -0.193196
-13.050291 -10.738472
-11.234036 7.343186
-10.902659 -10.372261
-9.790222 11.157409
4.316036 0.223434
-0.678344 -0.944494
12.995904 7.498493
-12.548576 11.273963
-3.367129 -3.212472
11.943933 7.329607
-6.117553 10.703993
13.794904 6.586847
-9.415995 -7.537913
-14.766352 -5.303954
9.971815 8.439297
6.282733 -10.009497
-11.152830 -11.742146
-0.533668 -1.989094
-1.265346 11.354231
-1.575309 -4.755087
-14.111413 -14.657313
1.327872 -3.406381
3.447871 6.840014
13.229680 -3.801830
-12.804694 -7.428638
-0.583937 3.381752
3.189964 -2.656661
5.662336 -4.179781
0.948509 -13.479948
-13.026020 14.789383
12.379240 -8.013649
13.783593 -10.732455
-2.615713 6.218098
11.397802 -0.224214
13.070707 -2.651919
-1.951363 10.341536
14.767077 9.733678
-8.662778 11.468153
3.431374 -1.652235
2.612068 7.406658
9.555898 11.374002
0.255003 -7.518753
-3.800998 -7.915697
-0.503108 -11.677102
5.286902 -5.513997
-12.376821 3.740362
6.731923 -11.266810
14.663903 0.166582
-6.464455 11.660252
-11.295832 9.287168
12.467187 -14.315848
-1.454993 -11.324212
-8.382118 7.570346
12.282300 -9.164528
-9.038695 6.654679
9.257038 2.983698
13.784224 1.863270
12.871929 -10.221620
-7.392196 7.936061
-8.156532 -1.523908
-12.426553 6.607628
-4.278608 7.894467
8.378528 -0.345673
8.129650 -9.047244
-2.890396 -7.334399
-14.282470 -13.500740
3.399241 2.939050
-4.818731 10.665692
-11.744937 14.362545
-5.181428 9.503908
-11.532738 -7.896568
-5.812558 -13.096407
13.736743 10.568172
4.005436 1.416081
5.977963 -13.241088
6.269069 10.076525
2.081641 8.497396
-5.749636 -1.185473
10.651843 11.620250
-13.976686 14.338058
2.205042 -14.365352
-9.608169 7.587343
-4.887714 0.766084
10.597698 2.597228
14.242974 7.567013
-3.278314 -4.250064
2.621135 5.851508
6.094560 1.151121
1.076822 10.394939
4.580138 11.216509
-14.833321 -8.950227
-13.860418 -0.230751
-2.470193 -10.771764
-3.621006 -9.214230
11.431047 5.237258
-12.740909 -3.028681
-2.237628 -2.934929
-1.123365 -7.379722
-1.759738 12.254150
-2.038029 7.173956
-8.309566 -2.825336
-13.807682 -8.803774
-2.504212 -13.919935
-9.405570 5.708944
0.704084 -5.552856
-12.907545 -1.624458
-11.893913 12.334347
6.455124 -7.043273
2.356742 -0.765595
8.486468 12.267019
-1.405896 -13.940292
-8.120578 -6.200444
-8.284052 -5.105737
5.422554 -3.163167
-7.003482 5.934065
4.760421 -10.190219
12.684286 10.179020
7.266260 14.462082
2.584173 -5.032898
-5.464411 -7.564046
-0.689418 8.646464
-7.736415 9.537170
-1.401408 4.183433
9.376508 -14.354021
10.590619 4.507105
-13.604213 1.913989
8.892304 -13.230960
-1.242711 -2.817876
5.597110 6.234726
5.790798 9.144738
-7.585744 -10.475913
1.274146 5.802013
13.239573 -7.346746
-10.303499 12.103905
-9.169761 -10.651856
-5.470293 -4.420832
0.507736 -8.658731
-8.332754 2.297740
4.383740 2.371899
5.909751 -1.209673
-4.578651 5.037667
1.992523 -13.368104
-6.273750 -2.330347
-3.870363 12.731146
-9.282894 -3.233515
13.561748 -8.617953
-7.289998 13.745347
0.389575 -0.536083
-3.601311 -5.213260
-12.864223 -9.658544
-10.707335 -6.548974
7.822131 10.350090
-6.938017 14.805686
-1.527167 3.003162
4.348784 -8.471748
-0.890342 5.328980
5.242494 2.949684
1.667886 9.426941
3.067405 8.924898
-3.945857 6.921592
13.672154 -14.690833
-3.804846 -13.614242
-4.108297 14.040743
4.672688 -11.285032
1.274507 11.727639
-11.142820 -2.856858
10.304994 -12.412927
6.606196 -1.961020
-8.305361 -11.260697
10.120038 -2.364837
9.233336 -12.257948
4.208385 -6.092150
4.747106 12.447196
1.149205 -14.516831
-6.136275 -5.293644
-8.925506 -0.873216
-8.734010 14.015233
7.885257 11.371926
-7.842956 -13.972628
-11.609086 10.424376
5.003254 4.279762
3.410906 5.015346
-9.088338 -6.531484
1.605837 -4.576488
9.190249 6.411014
10.414920 6.276408
-1.745391 0.513824
7.533466 -6.669593
-13.091876 8.889231
-9.011870 -9.605042
-14.350239 0.959681
5.904965 14.581116
-4.617830 -1.275666
3.042935 -6.217531
-5.917335 0.821264
-11.018423 -1.805042
-9.983911 -0.900982
-14.391240 10.683676
-6.029336 -3.307848
-0.656903 7.619384
-11.328225 -4.519883
-13.116389 10.398848
-11.830927 -1.174261
8.321320 9.393005
-6.219480 13.990617
5.194987 -0.466323
10.617152 -0.902816
-10.335906 -4.932611
10.374219 -14.559741
