0.373970 0.984487
1.536928 1.261804
2.570958 0.681134
4.002834 0.538460
5.562620 -0.115689
5.331334 1.068886
6.523617 1.559694
7.861981 1.326684
8.488783 0.472918
9.531652 0.565062
10.860230 0.624900
11.805399 1.399085
12.921499 0.853296
14.040326 2.040186
14.871227 0.418280
-13.992002 0.995374
-13.091684 0.475774
-11.904351 1.730786
-11.376023 0.838568
-10.713573 -0.015660
-8.573651 -0.061445
-8.531038 1.008827
-7.230918 0.518218
-6.209772 1.285058
-4.607974 0.232821
-3.887815 1.232101
-3.073795 0.397785
-2.807592 1.370524
-1.670744 1.510336
-0.739792 0.713264
0.899891 2.116836
1.897113 2.525693
2.951758 3.028703
4.471137 2.559741
5.405975 2.174683
7.241035 3.262444
7.354877 2.190386
8.399554 2.401364
9.846523 2.018113
10.638254 2.699772
11.642795 3.026729
12.586774 3.523379
13.499788 3.027141
14.449777 3.538531
14.972789 2.513310
-14.017777 2.407067
-12.664873 2.663800
-11.628336 2.819822
-10.573672 2.809482
-9.483126 2.727413
-8.235116 1.995035
-7.698457 3.151234
-6.356238 2.386264
-5.325482 2.928051
-4.463050 2.374623
-3.835645 3.364192
-2.323633 2.520900
-1.854698 3.786991
-0.325805 1.712736
0.319159 3.686917
1.348194 3.594765
1.492119 4.601498
2.302762 3.906020
4.139383 4.704317
4.403058 3.678463
5.705323 4.212454
6.962633 4.279513
8.389059 4.602268
9.426337 4.062069
10.022969 4.911135
10.576763 3.875076
11.671032 4.102254
13.353638 4.189065
14.529381 4.540070
-14.518876 3.637127
-13.827257 4.874639
-13.328826 3.510489
-11.771645 4.582425
-10.966015 3.933217
-10.122680 4.673151
-9.046601 4.884764
-8.228041 4.269870
-7.189336 4.348022
-6.166275 4.405267
-5.253333 3.933324
-4.393781 4.546062
-2.855728 3.703458
-1.748752 4.991759
-0.711205 3.999032
0.402486 4.960610
0.968858 5.805689
2.059831 5.927451
3.831927 5.734785
4.481905 6.592229
5.089026 5.291805
6.135637 6.418037
7.178415 5.960831
8.196198 6.098012
9.050961 5.406907
9.975598 6.180510
11.279208 5.595078
11.956107 6.536210
13.144066 5.550154
14.322803 6.130032
-14.744202 5.379839
-13.747478 6.209445
-12.605452 6.154012
-11.413427 6.240850
-10.747444 5.459383
-9.157568 6.279323
-8.186139 5.576635
-7.336368 6.131945
-6.439242 5.559797
-5.834604 6.357041
-4.531377 5.568179
-3.481606 5.906307
-2.407740 6.238685
-1.306687 6.054189
-0.663438 5.272903
-0.050060 6.461978
0.472485 7.485259
1.492112 7.886117
2.676037 7.714824
4.159036 7.640103
5.521755 7.278372
5.797864 8.352275
6.498279 7.500371
8.287929 7.886872
8.836487 6.901172
9.985977 7.281462
10.922198 6.630515
11.752358 7.545764
-9.569205 -2.935297
13.681351 8.932287
14.110157 7.942947
-14.545407 7.710779
-13.203805 7.100936
-12.254990 8.135808
-11.275052 7.886905
-10.266724 7.889394
-9.357742 7.344572
-8.912025 8.243658
-7.015403 7.137325
-6.254415 7.985902
-5.314657 7.272249
-4.348023 7.694144
-3.267244 6.893782
-2.152580 8.314897
-1.125371 7.209621
-0.431550 8.054347
1.126459 9.426692
2.393169 9.347254
3.487986 8.643393
4.401837 9.390514
5.411149 9.442016
6.459812 9.756027
7.884809 8.813403
9.410674 8.673855
9.602610 9.720522
10.608961 9.391321
11.568402 8.877740
11.715613 9.997092
12.649703 9.409149
13.760311 10.002800
14.945470 9.279647
-14.236883 8.669683
-12.767738 9.044742
-11.734352 9.929624
-11.616825 8.906401
-9.451828 9.963782
-8.700368 9.276674
-7.462151 9.231826
-6.393261 9.223254
-5.400571 9.063348
0.064929 -0.608410
-4.235731 8.778003
-3.069090 9.055327
-1.833859 9.604017
-1.204565 8.806808
-0.205591 9.215005
0.162868 10.402786
2.528869 11.690278
2.618211 10.324485
4.521432 11.478714
4.819555 10.422901
5.722149 11.352443
6.678313 10.923302
8.163858 10.867296
8.625581 9.969206
9.547577 10.770984
10.896204 10.694553
11.662818 11.342435
12.752013 10.409892
13.500747 11.095719
14.591655 10.737284
-14.419199 11.495421
-12.815790 10.354899
-12.266984 11.236946
-10.955478 11.197919
-9.963061 10.830658
-8.963923 11.010408
-7.638451 11.242956
-6.795380 10.486533
-5.836118 11.430811
-4.757460 10.126541
-4.567937 11.297898
-3.584854 10.764522
-1.927011 10.749337
-0.879539 10.342598
-0.550675 11.428852
1.653292 12.468937
2.913198 12.803170
3.526594 11.890666
4.140897 12.707463
5.278155 12.415884
6.018659 13.316752
7.485485 12.932729
8.540584 12.955337
9.485456 12.386156
10.407993 12.859227
11.520020 12.699170
12.556393 13.235463
12.974352 12.288873
14.271587 13.022580
-14.900117 12.402576
-13.397755 12.964764
-12.508474 12.267431
-11.489791 12.454388
-10.456285 12.417768
-9.506635 13.050371
-7.894211 13.771384
-7.721474 12.718850
-6.879394 11.961580
-6.204820 12.805407
-4.940323 12.238150
-3.594086 12.236346
-2.670141 11.713394
-1.738706 12.881029
-0.775942 12.573175
0.247000 12.503855
0.678259 -14.588655
1.628564 14.091157
2.641367 13.862673
3.686356 14.759322
5.024285 13.443920
5.828805 14.361033
6.965529 13.813675
7.767188 14.522674
8.658440 14.037909
9.520341 14.547684
10.546818 14.063413
11.568093 14.835194
12.474238 14.242210
13.391739 14.834293
14.464292 14.031162
-13.733074 -14.992399
-13.486273 14.015370
-12.035278 14.422498
-10.987203 14.625139
-9.834663 14.001448
-8.876121 14.329603
-7.714182 14.804286
-6.767815 13.668212
-6.171734 14.953390
-5.577704 13.943987
-4.744155 14.934964
-3.800077 13.902029
-2.442282 13.867210
-1.435220 13.895335
-0.359583 14.870221
1.781108 -14.553210
2.767731 -14.835764
3.435169 -13.876341
4.432461 -13.360796
5.697161 -14.571763
6.326492 -13.570402
7.339412 -14.071992
8.286938 -13.651174
9.402390 -14.181097
10.057081 -12.953601
11.427637 -13.501670
12.427091 -13.447756
13.510736 -14.086253
14.519265 -13.906461
-14.467033 -14.202385
-13.383799 -13.912410
-12.063382 -13.703819
-11.868904 -12.532406
-11.295112 -14.391800
-10.156002 -13.929465
-8.574009 -14.605447
-8.106770 -13.679524
-6.973788 -14.438675
-5.732479 -13.843008
-4.161511 -14.185940
-3.134814 -13.990471
-2.338180 -14.617645
-1.319426 -13.456693
-0.514133 -14.131948
1.319445 -13.538813
0.883866 -12.636815
1.869796 -12.403218
3.019237 -12.815690
3.881648 -12.246582
5.424488 -12.908840
5.871872 -11.501979
6.389582 -12.378291
7.570411 -12.583965
8.993919 -12.876710
9.468488 -11.979050
10.890940 -12.262223
11.930990 -12.558447
12.974927 -12.590652
14.170780 -12.004060
-14.980395 -12.623838
-14.160439 -11.838835
-12.861821 -13.030046
-12.100899 -11.346163
-11.028533 -11.891080
-10.044611 -12.735407
-9.022589 -12.347674
-8.027238 -12.465819
-7.031387 -12.331777
-5.992174 -12.283022
-4.877537 -12.024874
-3.869221 -12.581816
-2.878987 -13.001735
-2.208186 -12.154322
-1.078334 -12.468777
0.039783 -11.943331
1.111627 -11.255044
2.285699 -10.751510
3.206675 -11.357945
4.096955 -10.401944
5.157584 -10.339255
6.721924 -10.457316
7.332570 -11.497185
7.835360 -10.102111
8.942653 -10.544237
10.189019 -11.211083
11.448211 -11.373911
12.117937 -10.588071
13.011892 -9.921158
14.130088 -9.766847
-14.608240 -10.516429
-13.648758 -9.769135
-12.836179 -10.445738
-11.954399 -9.942790
-11.087674 -10.770019
-9.936507 -10.621414
-8.943293 -10.807115
-7.809609 -10.391026
-6.794004 -10.195087
-5.741352 -10.887635
-4.521003 -10.893646
-3.518377 -10.559823
-2.693604 -11.203279
-1.989984 -10.344945
-0.659960 -10.822850
0.267533 -10.410266
0.597296 -9.180023
1.841462 -8.998307
2.627377 -9.784573
3.534583 -9.094547
4.726930 -9.347635
5.687701 -8.268567
6.992058 -9.312183
7.993980 -8.927579
8.861211 -9.515439
9.572682 -8.809334
10.962245 -9.503096
11.567666 -8.660623
12.069630 -9.566243
13.343192 -8.921849
14.606670 -8.618212
-13.947418 -8.601280
-12.847482 -9.092145
-11.675964 -8.789972
-10.694122 -9.706121
-10.267580 -8.604285
-9.598281 -9.435352
-8.317584 -9.209697
-7.309456 -9.275327
-5.734126 -8.202731
-4.900881 -9.821002
-4.499195 -8.725947
-2.914167 -9.503303
-1.527780 -9.437896
-0.372227 -9.492818
-0.153057 -8.382576
1.233990 -8.037499
2.245636 -7.945790
3.244874 -7.587497
4.022114 -6.874363
5.258160 -7.357492
6.257987 -6.989612
7.925624 -7.803462
8.793564 -6.963581
9.830038 -7.006567
10.781582 -7.550692
11.726055 -7.205754
12.750101 -7.045271
13.660141 -7.960051
14.585835 -7.481041
-14.308837 -7.637744
-13.303087 -7.543360
-12.194339 -7.887772
-11.629028 -6.656714
-9.987935 -7.610578
-9.578010 -6.595350
-8.747835 -7.438941
-7.669972 -7.001476
-6.736069 -8.285787
-6.665436 -7.224150
-4.901891 -7.543757
-3.915271 -7.003071
-2.466113 -7.395423
-1.151960 -6.535407
-0.786630 -7.607722
0.393413 -7.464340
1.256091 -5.813747
2.388786 -5.682069
3.466037 -5.993876
4.428854 -4.834448
4.564186 -5.903605
5.726927 -5.893853
7.249230 -6.566866
7.355904 -5.503873
8.536323 -5.916565
9.957965 -4.629471
10.834938 -6.071611
11.998970 -6.229349
12.954855 -5.896790
14.028823 -5.440501
14.956160 -5.972432
-13.215774 -5.562493
-12.633386 -6.732058
-12.213198 -5.614274
-10.908744 -5.711228
-10.633959 -4.677681
-9.707100 -5.086085
-7.756290 -5.537757
-6.692369 -6.062499
-5.378407 -6.519726
-4.592844 -5.808319
-4.540593 -4.725672
-3.399586 -6.116348
-1.904868 -5.259870
-0.886039 -5.524612
0.280860 -6.166948
1.786570 -4.315253
2.233666 -3.207891
3.412391 -3.909354
4.462442 -3.652383
5.499075 -4.117056
6.678598 -3.908209
7.911974 -4.509069
8.762223 -3.812593
8.901110 -4.804092
10.765268 -3.977539
11.919663 -4.221298
12.845072 -3.498329
13.803269 -4.275434
14.810515 -3.935822
-14.826952 -4.968306
-13.943467 -3.552402
-12.692668 -3.983854
-11.803549 -3.481399
-10.602424 -3.522279
-9.679943 -3.963143
-8.713439 -4.970214
-6.498576 -3.285651
-6.390070 -4.767596
-5.405706 -4.111644
-4.453682 -3.534900
-3.435958 -3.841964
-2.337384 -4.294411
-1.481726 -3.676166
0.072786 -5.172047
0.440793 -4.037989
0.355790 -1.733169
1.619806 -2.175758
2.871835 -2.336616
3.543533 -1.485431
4.469578 -2.003995
6.416993 -1.882178
6.342318 -2.953541
7.358992 -2.511907
8.495354 -2.498725
9.587781 -2.621811
10.612751 -2.096640
11.804632 -2.042234
12.820219 -2.260676
13.382906 -1.281003
-14.929289 -2.966641
-14.262322 -2.197751
-13.209300 -2.691854
-12.106737 -2.192021
-11.101882 -2.036828
-10.159973 -1.536182
-9.190479 -1.933249
-8.132431 -1.945865
-7.048337 -1.738076
-5.703680 -1.924733
-4.796665 -2.594787
-4.140371 -1.669945
-3.646301 -2.743569
-2.519991 -3.232460
-1.653831 -2.344590
-0.723182 -1.631981
1.177584 -1.144708
1.915360 -0.131461
3.040786 -0.252755
4.375408 -0.676061
5.249859 -1.290662
6.470996 -0.539883
7.217841 -1.269170
8.067698 -0.545190
9.081727 -0.399594
10.383300 -0.262348
11.093694 -1.021310
11.772644 0.132836
12.864345 -0.170410
14.296684 -0.874268
-14.239369 -1.012832
-13.245390 -0.688517
-12.260566 -1.201015
-12.175562 -0.200152
-11.261392 -0.881781
-9.587849 -0.567142
-8.652229 -1.082635
-7.629924 -0.412924
-6.586650 -0.791082
-6.167915 0.200868
-5.409565 -0.536999
-3.699462 -0.636620
-2.666428 -0.588776
-1.733143 0.439950
-0.959155 -0.511733
0.880254 0.008753
-6.751537 -13.394760
2.359223 -1.262868
8.851745 -1.505409
-5.876610 -9.406425
-8.490146 -6.305375
1.455028 -10.052434
7.499102 9.826517
0.574865 8.558071
1.315725 -6.946814
-12.670434 5.084043
-11.058462 -7.899818
6.693528 14.873669
6.342386 12.197227
-1.496835 11.831666
-5.705348 -5.496941
9.868866 -9.847591
14.381173 -14.911444
-8.037912 6.925022
10.334984 11.684868
-1.544921 -11.341557
8.914070 -8.035238
-14.938075 1.411405
5.760762 -9.508109
-1.988409 -1.343209
3.005404 -4.890838
-14.184514 9.833324
12.711632 -4.913767
-7.968449 -8.095412
-9.885879 -11.628633
12.481470 -11.684574
-1.371782 -8.427563
9.361972 2.980200
2.382220 -13.735336
-2.382069 -6.266591
4.800919 8.459411
-9.617789 3.723596
8.368047 3.586619
5.378129 -2.524902
10.924945 -10.513216
8.405549 11.903277
12.163078 5.059324
-9.351260 1.620574
-4.244737 6.656272
10.772812 1.637189
9.757367 -3.635683
6.429232 -5.105274
2.651613 -6.722718
-10.719051 10.053421
4.549999 -8.149377
7.463353 0.326576
3.770583 -2.914894
12.111913 -1.030924
10.526277 -14.572819
-2.257525 7.314151
-11.718614 -4.652135
-9.218243 12.005668
14.549143 -2.068317
13.943891 -13.080164
-2.945126 -5.209459
12.638770 -8.140616
-6.876441 -11.256638
-2.981708 -1.747236
-8.585814 -3.318178
4.369962 1.537785
-4.980983 1.488669
-0.162777 13.533359
12.845726 8.051521
1.120414 -3.045083
9.568455 -5.691588
-3.470553 -7.965341
-3.791218 9.762077
10.649981 8.355857
11.519828 -3.165280
3.723133 13.724710
13.505254 13.696409
-6.238326 3.386862
4.733021 -11.313570
-13.347444 8.119698
-7.727497 8.026254
11.495286 13.709279
-10.525053 1.496016
9.659070 13.550787
-9.110115 -13.508514
-7.158238 1.755044
-1.387057 14.908659
-0.421671 -3.239114
-3.279848 7.971261
-14.759986 6.544855
-3.918301 -9.599781
0.524355 11.512663
-9.668137 8.923566
-3.304573 2.282224
-13.312568 -1.687191
-12.988233 1.646446
-2.753054 10.069406
-14.192864 0.008528
-8.679806 3.352917
-13.764099 -4.723207
-12.751543 -14.725794
-14.468232 13.763636
8.937524 1.449049
8.376233 -11.895269
12.534199 -14.608859
-3.259786 14.930091
-12.113532 7.037315
4.485319 -14.362484
-0.272401 -13.154221
-10.620624 -6.759592
5.501308 3.214993
-5.747250 10.285171
-0.730861 -4.348432
6.785607 8.707453
1.348572 6.770200
-13.294721 11.347908
-4.810695 -13.265169
-10.471213 6.687740
10.551858 -8.575910
13.893372 0.074672
13.822727 -2.837796
-3.620078 -11.591895
-12.257918 3.626698
-7.385233 -4.564277
7.737229 6.995103
-9.276451 -8.352684
1.616406 10.757168
3.373479 3.980386
6.751091 -8.290035
3.471806 6.800797
-3.323568 4.614323
-13.144909 -11.831092
-14.097203 -6.316835
12.782756 2.154903
-1.116185 2.355563
14.070938 11.924755
13.735191 -6.559949
-7.779860 10.245877
7.307928 11.882154
9.804417 -1.199208
14.360547 -10.873730
3.514232 2.159151
-12.310704 13.253223
-10.963393 13.419475
13.049462 7.068521
-13.856929 -12.866666
-2.768964 12.897205
3.448108 9.716682
3.032762 5.095877
7.704257 -3.527454
11.534196 -5.212282
-4.738999 13.341174
4.706163 14.453128
-10.946029 -13.178004
-8.078771 -11.392360
8.382005 -14.686385
-9.896942 0.593191
3.560854 10.839981
-2.375549 -8.470987
-5.457260 5.144062
-9.638349 -14.984704
6.473594 0.516893
0.924901 13.317021
6.369332 2.607609
6.429773 5.283242
-7.552842 -2.816341
2.624514 1.687968
13.236910 -10.974956
0.647007 14.376903
-14.680036 -9.438814
0.075153 2.710433
