11.481424 -1.059598
10.238292 -2.767624
10.811316 4.551113
0.054077 1.644588
2.788328 -6.353242
-12.596926 4.453030
1.841582 -11.564888
2.581880 -14.313615
12.073665 -8.139625
10.126785 13.978499
-1.817030 0.323770
4.304131 -5.781482
3.416743 9.339029
5.525488 6.092389
1.243086 9.057547
-2.484054 3.387408
-8.193787 -12.879456
-7.359529 2.349084
-11.712821 -2.444118
13.317600 14.349544
5.398483 -14.952452
-2.444440 5.962511
11.091591 2.387534
-13.844045 7.884841
-6.158243 -6.056328
-9.703937 5.391700
12.471290 2.952312
10.838731 8.131997
-14.280046 -3.154542
3.975060 7.337653
9.113378 13.927699
-14.201395 -11.006964
-5.042452 -12.606125
-1.893894 7.637364
-9.490257 -3.798621
-11.046766 -8.675899
-7.900616 8.224269
13.926411 -13.350497
8.598391 1.119152
-8.495140 -0.779644
-13.123051 8.625986
6.715771 14.556200
3.667832 -13.613446
10.443747 -3.748525
-1.397977 5.902368
10.611868 -13.042462
-10.424864 11.569230
-14.623968 -8.569546
11.585217 -9.080577
14.336648 -9.223081
-2.949663 -1.588352
-5.761010 -13.504131
4.335679 6.257180
-12.975081 -5.339660
12.727605 -4.141399
-8.885372 13.039386
-10.350452 -1.770778
1.630625 13.210787
-1.054108 -4.229690
2.066808 1.737365
5.486985 -12.671839
-6.095960 -7.075389
-0.311842 9.071380
6.465961 -5.449738
-9.631930 -11.684223
-2.866167 0.605215
-2.157038 8.770073
5.452758 0.029259
6.543937 1.551613
-3.622235 8.944827
3.345611 6.480128
3.303497 -1.194889
2.320267 12.307666
-11.082597 9.034208
-13.830454 -12.816259
10.156676 3.244501
-4.876694 7.212355
-6.888030 7.161910
4.547474 -13.127187
9.874787 -5.202578
-3.763683 -0.934733
5.899156 12.533054
-7.318355 -3.949123
12.275080 9.842810
1.423750 11.701005
-14.636586 10.568711
-12.497844 1.115265
-10.824790 -5.214816
-13.271147 -8.938237
-11.133215 -13.660899
-3.147345 -5.207116
9.321963 -10.481118
-2.942346 -11.877868
-1.051677 -11.472876
-14.660673 6.001552
-5.915055 0.341526
-13.275161 -2.660382
-2.463284 -13.790001
-2.699639 -9.406986
-5.483300 5.605727
12.251728 13.023045
8.197948 -6.221468
-8.272197 2.812237
9.363983 4.010750
7.482883 -12.802317
-8.338699 -6.590613
-9.800377 -5.048927
0.793359 4.252255
-14.652687 -0.497839
-7.202164 -9.631017
-4.566075 11.521119
13.009858 6.745576
7.511690 13.687537
2.883522 -7.709256
-4.279371 -13.371981
14.552170 -10.299246
-5.283638 -10.456763
12.262241 -5.070231
-3.837075 1.076051
-7.300097 -6.535083
12.324668 -0.116583
-3.083089 -8.308415
10.741613 0.040112
-14.038948 -7.692234
-6.638039 -11.373090
11.651507 -14.970218
0.223291 3.215837
8.902062 -9.377150
-4.337691 5.096320
11.732150 0.819880
-3.687676 -9.210047
-12.483184 7.427554
0.764277 5.281979
13.462297 13.104178
-4.908533 9.698308
11.503637 -10.144212
-6.200130 -9.252031
-5.511601 -11.481952
5.063510 9.205878
-14.052059 14.347646
10.275361 -0.904274
-9.934942 -8.494263
14.382976 -0.126427
-9.589131 0.897474
12.899279 -13.235932
13.023949 -6.106625
-7.988565 13.600666
8.918646 -1.042010
1.267261 -6.422519
14.947345 8.335193
-2.717407 -14.856634
3.018751 0.971569
-11.992189 -14.995404
-14.174069 8.843911
-3.915302 -2.165527
-5.890668 9.975201
-7.906041 -13.875797
-5.921578 6.631755
2.416303 6.101038
7.713263 7.875334
3.376535 11.872628
13.503664 -5.201976
-4.794680 14.018624
-3.846131 -4.218366
0.417200 13.350395
0.684538 -14.280676
1.482663 10.297203
9.374820 -6.364144
-9.794400 13.490552
-7.553652 -10.646407
-14.277249 -14.427506
8.280252 -10.245733
12.021206 -1.958621
4.721314 5.163730
5.020795 -7.785774
-8.739501 -9.370830
-11.857227 -10.417758
-6.963381 10.044028
1.949191 7.019600
11.588062 8.809885
-11.576745 11.771617
3.790739 13.833483
-8.265540 10.279730
-2.842826 7.135648
-11.344027 -1.467006
-1.819519 -8.367760
12.689415 -14.803455
1.191467 6.216743
-10.059929 -2.737296
-11.419467 7.381241
-9.944451 7.105199
13.455920 4.979689
-9.464033 12.142056
-11.150474 10.432113
-11.916944 -11.488333
2.375216 9.694380
-12.241379 -0.198946
5.487165 -2.008451
-4.789407 1.525087
-3.798995 -6.238773
3.965957 -6.837949
-12.441228 -6.297115
-12.107391 8.394872
11.283826 -2.798787
8.581826 8.884519
-5.997001 -0.937381
14.672796 5.195565
8.739384 -13.736163
-5.839171 1.550277
-9.416620 8.369846
7.627665 -14.934795
5.541605 1.200372
6.495669 -14.289090
-0.342503 5.086047
-14.789636 -13.431657
9.677253 5.271226
-3.692389 14.539605
-5.878693 14.337330
-0.632674 -9.044465
-12.898561 5.550470
7.880770 5.935925
9.910649 -9.657735
12.188866 11.834560
2.180798 14.281323
1.511136 -9.777045
8.691774 -8.173432
14.286801 6.350608
-9.358997 -1.357489
13.403741 -7.999073
7.619897 -13.818369
6.566361 -3.424532
-0.145101 -9.920560
5.567356 10.302502
-9.805677 -9.515596
3.307694 -5.356224
-13.926416 5.142273
10.171773 -14.856874
1.795038 5.130742
1.587316 -13.731815
-12.197051 -9.440055
-8.750286 -8.264217
13.112545 3.936089
-4.766464 -3.791030
7.307327 4.432315
5.971164 -7.443842
-14.945277 9.489606
-2.030213 11.156756
-5.893332 11.813513
-8.125863 12.274242
-0.066520 6.412333
-8.372980 -11.783714
-1.331342 13.231963
0.136951 14.725922
-2.506803 4.636165
6.538924 -1.071386
10.941045 11.949839
2.580439 -0.502079
8.809861 2.652549
14.176148 3.894051
14.509192 -11.473610
0.406720 -2.642376
4.856939 12.159767
12.648377 -11.756795
-13.849051 2.587362
-13.373320 -10.376030
6.059495 4.881240
1.734456 -12.605367
-5.784853 -3.507970
1.624945 -14.807286
10.712843 -1.865187
-8.792336 11.157887
11.022431 12.971696
-7.177356 3.573454
10.369162 7.231108
11.012868 -5.884720
-6.766023 -14.370358
14.314109 10.305092
-1.709349 -6.068381
-3.008013 -2.593268
-0.271436 -1.688547
-12.555695 12.195526
9.064793 -14.728035
4.247977 11.287092
4.266977 -4.209925
-8.169730 -1.751759
0.549131 9.796751
-9.077909 6.433332
-7.734948 0.753120
12.734096 8.845448
-8.127533 6.028687
-4.597639 -14.620402
0.397984 10.983471
-6.866173 14.158614
-8.799292 -5.364776
12.580639 -3.011506
13.909233 0.957738
14.727396 14.985310
-6.723481 -8.368862
10.002533 2.166635
3.908775 3.994193
-11.430025 5.593464
-2.589834 -0.493608
-4.502031 -5.489337
-9.995322 14.507123
0.534711 -5.605200
13.335183 12.106197
4.352972 0.709026
5.496033 -11.652743
0.697315 -7.495701
6.581596 8.253331
14.599625 -2.256184
13.524957 2.228857
-11.793796 13.366517
-4.224072 6.369905
13.505445 -12.411548
2.106741 -1.442044
-9.662554 10.619368
10.798544 -12.054802
-10.744576 13.096866
2.377782 8.685750
-7.643648 -2.850998
-8.704099 0.241764
9.484828 6.443417
0.197516 -4.370135
3.538834 5.472964
-6.876840 -1.808543
-6.753517 1.034197
-5.760697 -8.062755
-5.234754 -6.524000
2.861145 4.721642
-9.130425 9.610783
11.461822 3.763205
4.714568 -2.888488
6.674156 5.750291
4.322120 -14.601354
-8.562102 -3.340553
-1.056866 -1.014065
10.956177 -4.787901
8.609751 -4.834135
7.599502 -0.354410
-0.219022 -3.442511
-7.093066 -0.015376
-8.891140 14.251781
14.540539 -7.829878
-0.746536 0.876303
3.851291 1.962086
7.161487 -11.017979
-0.178426 -10.979449
6.944517 -8.351031
-13.355049 -0.033767
14.080194 11.408098
6.121736 13.723910
-8.736164 5.102673
11.803905 -12.855612
1.727220 -2.575481
7.918757 12.123976
-13.514753 3.910555
-1.593307 1.418643
7.134541 10.432074
6.097606 7.064396
-5.145634 2.577262
-13.554075 13.265126
-2.780933 -3.745255
14.465708 12.487563
12.790464 -1.131158
-11.089284 -6.271281
6.129757 -9.484384
-4.157492 -10.924151
-12.936238 14.540421
-11.868727 -5.441886
3.222362 -10.025139
-11.460271 1.067891
-10.527622 6.167700
-3.687442 7.797760
-11.036826 -9.804045
13.256669 7.978735
-14.172974 -4.997944
-2.362556 13.880869
5.972292 -6.437100
-7.519451 5.125281
8.914523 -2.592584
10.964431 -8.270421
2.311837 10.868899
-2.376558 -12.731399
10.990869 9.663372
-0.835744 10.440555
-3.642934 9.970949
4.385513 -11.332289
-2.043821 -4.541146
-4.513748 -9.779159
-14.920205 11.549551
9.636397 0.055126
-11.171742 14.149988
-9.633565 -10.516833
-4.116909 -12.187958
14.018357 8.779120
5.083415 -9.472460
-11.613969 2.258319
9.805450 -13.806770
7.595980 -1.390538
2.189594 -5.526304
-4.699073 -7.692520
1.147418 14.266200
0.527893 8.318988
7.922184 -11.883222
-0.665050 12.465372
-0.313268 4.081819
5.168050 13.390799
-10.362459 1.694021
-10.691437 -12.089078
-14.251070 -2.056840
14.151153 -6.495648
2.796458 13.381436
2.036338 0.480561
-2.802811 -6.151298
-3.401403 2.810765
-2.942189 12.287777
-12.883490 2.177033
1.343709 -4.979176
-10.510180 2.781614
5.010522 7.053141
8.950733 7.908483
13.340702 -0.004746
-7.004218 12.030390
-1.100344 8.380749
-12.626284 -1.712269
-2.260695 -10.482281
-11.948558 6.465502
5.899810 -8.499161
-11.277184 4.051900
-12.364026 -8.422699
1.030990 -3.576386
-3.275694 5.357615
-11.179202 -3.382073
6.198423 9.201502
7.224791 3.078437
-0.406431 -13.286142
-13.858617 -6.034566
-5.486890 12.785926
-0.281180 -7.736354
4.958612 -6.669648
-4.379141 3.463476
12.294480 14.244637
-0.696723 -5.282199
1.817479 2.842204
-13.022894 -11.545556
13.570823 -10.930344
-10.091861 -14.161842
5.456276 8.043784
5.129296 -1.068328
-5.844821 -2.049585
8.517112 5.068772
10.009607 12.985011
4.952705 4.106050
11.741717 6.519785
-9.505853 -7.487211
10.131096 -11.160385
-8.996730 -14.590555
14.626793 -12.510615
-4.983527 -1.476509
2.928708 -2.363843
12.043355 -13.912609
-10.688547 -0.549105
-8.613285 1.697140
-5.585103 -5.099647
-4.353043 12.529755
5.487058 -13.803614
2.726464 -4.482835
-6.628282 5.887179
13.421103 -9.839482
-1.307209 -13.885940
8.601174 -12.706035
3.287178 -3.417152
-13.680490 6.238375
1.867776 -8.446749
6.497017 -2.412295
9.706900 -1.840387
-7.047697 -13.360497
-10.119046 -6.520733
8.387083 7.066653
-0.419740 -6.256044
2.748098 7.650982
10.532821 10.606491
1.171735 1.112891
-14.645731 0.733040
13.398797 9.872115
-1.942506 2.522167
-3.540570 -14.179727
4.349894 -10.167571
-7.295560 -12.179723
-1.524767 -3.331653
-11.921384 -7.475158
7.123359 -9.967992
2.937058 -12.820021
11.695925 -6.641852
-3.549219 4.313284
4.888119 1.965451
-10.151211 -13.056738
-4.554440 8.325731
-7.842051 -8.727870
0.477968 -8.506485
9.704789 1.145099
4.640775 14.364598
1.973072 3.869622
12.824259 1.131503
14.943768 13.580858
10.845641 1.296998
5.053836 3.027173
8.566483 -0.023586
-14.831887 -5.756439
8.147411 11.104848
11.658720 -11.511847
5.256816 -5.352344
7.374684 9.232744
-5.843513 7.800522
-9.383777 2.500982
-9.974646 3.827200
2.279865 -3.471285
-5.041542 -0.384666
-6.446564 10.921299
9.416999 -3.502001
-14.710786 7.187453
-13.755264 -1.060908
11.781642 -3.725284
9.050062 11.658409
8.677901 12.876867
8.763138 -11.329900
5.937893 11.433798
-6.488147 -10.339133
-0.829588 2.451950
-10.948993 -14.826591
-10.848376 -10.844055
3.993471 -9.225068
-2.268826 9.874986
2.846623 -11.625005
-12.922518 -7.174647
-7.818972 14.909277
-13.559348 1.253277
9.787176 -8.465121
-13.498025 9.757390
7.103444 -6.644913
-7.423098 9.134679
-7.812663 -7.540374
-12.133519 -13.684238
-10.565042 0.615382
5.295236 -4.150562
-13.385424 -13.921858
13.562066 -2.703799
6.211501 3.692635
14.276136 7.583822
-10.823699 -7.679382
-9.077170 -2.373480
-14.615833 -6.790077
3.448217 14.863406
0.866549 -10.922179
0.919500 7.244985
12.073252 1.988291
-3.435271 10.990017
11.295547 14.070283
0.419781 12.063385
-6.711105 8.304588
3.279387 10.485906
9.229561 10.533075
4.263504 10.146480
-1.512608 4.903592
-14.704118 3.309432
2.576994 -9.240113
-14.504047 -11.999961
9.575164 -12.236983
0.234080 0.534026
8.135946 9.985195
-5.552024 8.865411
12.276233 4.506512
-0.803265 -14.852492
-8.243712 -4.379537
-1.268764 -12.574910
-8.564359 -10.702768
-12.768978 -4.219578
-7.228858 -5.329255
11.854038 10.833927
-7.487476 -0.998483
6.251986 -4.462688
1.828905 -7.401680
8.231970 -3.683215
-11.776393 -4.443112
10.826166 6.060334
12.879464 -8.943752
13.065035 10.984987
-5.741969 -14.588213
-3.388422 -10.198900
12.651328 5.704351
-0.169742 7.600920
-5.186888 4.326132
-6.533909 4.645419
4.117262 -0.590385
-14.762764 4.363059
-2.607483 1.595764
-6.104214 3.648523
2.382427 -10.676709
-6.504324 -4.627368
-3.279780 -13.168489
-14.980170 1.727769
5.458753 -10.630557
7.684185 -7.617765
-3.732926 -7.331407
11.839710 7.658736
-10.294100 9.839386
7.779118 -8.995053
-12.798440 11.084910
-5.266147 10.782076
1.539835 8.094861
-9.007518 3.522775
-1.932457 12.346917
-14.853522 -3.992852
0.727186 -12.909156
-14.310477 -9.640038
-10.555686 4.756008
-6.143841 -12.282797
-1.273286 -7.040570
7.059168 11.455224
-12.222784 10.196119
-10.433032 8.184566
-1.069782 6.958143
7.548559 -2.882941
-7.974622 7.148664
1.450655 -0.394761
4.013010 2.987861
13.728314 -14.511515
7.490173 -4.793163
6.068653 2.701748
3.968140 -7.911641
3.952069 12.696696
10.043342 11.495210
-0.026993 -12.132072
-7.623536 11.097160
-12.706876 -12.512627
14.027638 -4.309499
6.883535 12.864254
-0.683525 11.456411
0.150481 -0.587822
-13.560219 11.763319
6.473739 -0.024833
-8.965012 7.435782
7.420980 0.787038
6.584817 -12.339859
0.796350 -1.424768
-3.791833 13.407444
-12.588909 3.187439
-14.431614 12.436694
-1.685124 -9.491707
-9.686789 -0.191789
7.401989 6.884200
14.516264 2.664475
8.136918 3.821872
10.467658 -6.839256
9.728195 9.593256
9.611139 -7.403107
-4.783125 -2.674987
-0.739795 14.099900
7.497549 1.957009
-1.310287 3.877805
1.111227 2.118161
9.918694 8.570169
4.307998 -1.963364
3.021788 3.520526
-11.680540 -12.643305
-10.541294 -4.157081
8.603569 -7.159585
12.548236 -10.329254
12.612842 -7.190954
-1.764455 14.708477
-6.218993 2.549673
-1.060215 -10.353933
-6.473192 12.961177
-4.111004 0.031728
13.674085 -1.694147
10.891264 -14.122880
2.816574 2.509141
14.621282 -1.234749
-0.729039 -2.579647
-9.112892 -13.412618
-1.337706 9.401379
-5.033764 -8.769284
-8.130098 4.208473
14.431313 -3.259767
-1.761271 -2.315369
