-9.221653 -0.379603
2.001493 7.384510
-11.489903 -7.253277
-6.320535 3.584704
-8.861189 -4.279641
-2.557126 1.988323
-6.380200 -11.564951
-7.308382 -11.156618
-10.813149 -11.497418
13.635487 3.116097
-13.802003 5.708233
-8.299034 13.966432
-0.080078 -6.595686
-8.478976 -12.662144
-10.308168 5.962556
9.435093 4.198449
-8.329901 -8.786791
-11.386389 13.031661
11.903056 -4.197010
7.114079 -9.727193
7.250616 10.598272
3.517753 -10.761520
-9.116970 1.803312
2.074731 -6.954980
-12.359098 -7.858891
5.176715 9.239855
0.444881 -11.387697
3.219326 5.233752
9.431762 -13.798545
12.079689 -11.660400
-8.370774 -11.493895
9.439278 -6.744511
-10.447583 4.955015
-12.388537 -9.357807
8.308834 11.958645
-13.461212 9.119283
-13.386904 -14.072268
14.924742 -11.137251
13.793172 13.757178
-11.623304 11.384242
-5.246712 6.919519
10.944026 11.555197
13.159096 10.699692
-6.647368 9.749091
-3.397181 -0.699953
5.338822 -3.168896
-1.413970 0.563164
2.633867 -8.355820
11.331005 -2.942848
-8.405689 -14.876423
-8.699120 -6.356400
7.520079 -2.827174
-1.620379 -13.925406
5.309874 8.200135
12.470980 -14.619887
-0.908140 -3.575461
-13.969652 -10.664376
1.015460 -1.148526
-12.615600 -0.721728
-13.504663 -7.147896
-5.829837 -6.949066
9.799029 1.939384
-4.195522 -11.702311
-5.686099 9.094215
-12.670030 -14.954071
-8.449770 2.707071
0.185109 -9.966083
2.796844 2.883368
-3.367581 -14.275064
-7.123482 11.961950
2.004443 -5.299655
-8.568823 7.850823
-6.437531 -10.246901
3.059717 9.653024
4.210459 -2.481481
-7.667621 0.390110
1.278778 -3.250102
5.714946 -5.834366
5.138061 0.147582
-8.489423 -3.233241
-4.014210 -7.769508
5.834175 -1.103223
14.706110 4.424284
10.809656 10.441614
-7.532497 12.989055
8.096563 6.198704
-9.283216 -8.120935
9.090987 -3.741107
3.577765 -13.750680
11.916186 -10.362013
2.279406 6.245694
-4.515428 -12.912381
-9.857930 -4.068939
-14.314694 8.338426
-7.097280 -0.489728
4.143387 -12.838994
12.657610 0.478391
-11.818357 7.768184
7.998833 -0.762491
3.131504 -2.429009
-9.171605 0.690854
-1.057995 -1.150438
-10.959325 8.281627
-5.261891 -12.046935
14.675089 -6.654879
-8.230745 -0.764854
6.498429 -13.219109
5.443558 -4.579102
-14.867020 -9.814310
-7.445722 -12.448829
-5.034833 -2.763357
5.868845 14.127157
-2.291581 -0.531336
-13.537613 10.940771
3.934885 14.855510
-9.467753 -14.522234
8.405754 10.875642
10.432996 -7.122018
-2.051945 -5.901233
-7.362719 14.459303
-14.465976 -14.212596
7.216139 -6.518214
3.601783 6.668787
-4.436353 -10.680890
11.581578 9.643754
-11.428917 2.933753
1.876575 1.897306
-7.437656 7.617852
4.078279 4.648929
-0.585023 12.645033
0.878557 -8.862279
-12.456669 -12.311456
-0.563971 -10.932772
-6.758601 -6.346681
-8.146428 1.441639
14.207105 -10.428465
4.101979 12.695639
-12.552490 -6.750136
-5.979135 1.515615
10.510287 -13.605516
-12.245573 -13.530623
-2.078550 -4.708333
11.720287 2.342033
-4.637905 9.120568
13.576248 9.745758
-6.026988 -3.097025
0.048756 -12.310152
10.754151 14.265312
9.743117 12.062657
-10.419161 2.837259
5.766965 -11.793169
-8.830515 -5.336178
-12.332715 -5.772495
12.627189 13.072522
12.802970 -10.886958
-3.211095 -11.421373
0.758564 2.133745
-12.383757 -2.301660
12.425253 -3.083737
5.977897 6.689275
7.628590 5.306914
-0.630299 -0.171612
-4.876102 -9.298134
13.692560 4.327127
12.010355 -6.620735
-14.557081 11.066314
14.734222 14.223157
-6.388999 12.991647
6.426690 -3.725943
-13.618125 2.565712
-3.163695 -3.768461
0.620131 -0.193985
-11.659895 14.634172
1.354997 11.996521
7.481417 9.344845
-3.865433 6.864145
3.521828 13.811497
-5.988863 -0.899168
6.110415 -6.794025
12.953199 -8.761059
7.339752 12.966247
6.241229 -10.613503
2.397267 -3.176144
-6.900435 5.577560
3.821016 3.212751
-11.366899 -9.583711
-7.720835 -1.663590
8.883520 -7.795144
-1.194470 -6.610213
-13.907820 14.331549
-2.330378 4.888906
-14.770964 -8.789476
-14.888301 13.267520
-8.355024 -13.767996
-12.795299 -4.429472
-7.686937 -5.970357
-4.496008 6.084452
9.127553 -0.306255
8.424785 -4.962755
13.194903 6.974234
-5.680909 -5.787073
4.900568 -14.861911
-4.031042 -3.161177
-5.191051 8.103573
-0.112535 9.357335
2.288514 11.559902
-10.556447 11.565481
2.778971 -14.541637
3.038125 -7.318607
6.577675 7.750359
3.834104 -3.474437
-13.787239 7.006687
0.108378 11.683640
5.973526 11.482685
14.447380 10.237203
11.664361 -1.895812
11.495059 -7.585549
-5.115013 12.131559
5.311294 -9.831357
5.205396 10.751233
-8.696651 6.632508
-5.295984 -3.785611
-13.483192 3.606186
-1.481372 10.355038
-2.982254 7.960905
1.515655 -11.560136
4.877345 -7.837585
-0.029775 -1.532127
-4.541586 13.537071
14.073214 5.541915
14.508576 -13.159904
5.332878 13.169667
7.949604 3.181993
3.153207 7.764173
-6.057515 4.899909
-12.481369 3.870954
12.959863 -2.219861
6.175091 0.223992
-7.715128 -4.276592
-3.429738 14.161777
6.871005 14.248982
-6.378232 -12.736605
8.923883 5.108503
-9.402472 -2.464610
-6.705212 -1.597433
12.614068 -12.557002
-0.739595 8.378891
11.726464 14.645364
13.374227 8.685600
-7.217249 -13.534890
-9.337152 -9.686243
14.854557 8.906512
-2.147205 -3.676966
3.347814 -5.277711
1.777588 5.177835
-12.728699 7.035810
-9.345611 5.641476
11.766143 12.427592
2.571993 8.620406
-9.673408 10.936861
-9.774035 -5.862971
13.689942 -12.532602
-4.972057 -0.219853
-3.108565 12.052548
4.049532 8.681299
-2.835635 3.553332
-12.860965 8.161289
-3.244193 -4.777775
10.225575 5.064391
-12.092635 -10.389512
-9.875632 8.329656
-0.838906 -5.421346
5.165638 -10.907541
11.819639 -0.483837
2.572773 12.936960
1.031208 9.772028
-3.092017 -6.061748
-0.677237 -7.500139
-7.132021 -14.561279
-14.695543 -2.965874
6.956617 -7.546176
4.034356 -0.220696
-8.196229 5.667474
-3.577709 1.402871
-9.257677 4.546037
-9.533629 -13.481266
4.246683 5.679298
5.281704 -2.044129
-10.139677 1.381895
7.184762 11.876012
12.990810 5.320261
-7.091327 4.230097
12.807192 -4.648685
-0.611242 2.492323
-9.443529 -1.423310
-4.640051 14.647138
-4.269408 11.186241
-2.994086 13.060481
-13.438637 1.152686
8.902573 1.096412
11.612759 -12.572687
10.423156 -0.115079
2.830555 10.680426
4.838966 -6.731165
-1.788336 -9.236599
-13.550404 4.649843
-4.385716 -4.442632
6.978101 6.395655
4.226640 -1.270926
11.041615 -6.311201
-13.670850 13.172791
-7.005590 1.225325
12.693590 14.206443
10.857306 -1.071731
11.445430 7.287994
9.794386 -11.473192
-5.809572 -4.791773
7.127851 -4.627675
-9.424789 9.827519
-1.647860 -7.916023
0.347274 4.880578
-4.510547 2.209278
-8.478014 -10.310107
-1.557959 -2.772172
-14.303402 -13.086766
-2.770246 -8.042116
9.908722 -14.870953
8.910967 14.857830
14.529546 -0.529282
6.344803 8.934908
-3.242468 -7.101313
4.029942 -6.105342
9.766284 13.818521
-10.518564 -5.190093
1.731708 0.128497
7.224113 -1.718562
5.248695 5.570377
9.501108 -4.670959
-14.411206 -5.993466
8.397729 -14.094949
-3.660691 4.126094
2.342077 -10.971180
7.437051 8.324868
-1.606597 -10.733104
-10.491399 -9.002192
-10.249201 -3.037938
12.591015 3.580474
7.253460 -14.029953
-4.596398 -5.449659
1.963282 -4.174815
5.240671 -8.777820
-2.211270 -11.582742
-0.190731 1.585028
-3.063791 -1.677141
-10.398623 -0.887283
-13.409224 -2.713304
12.340513 4.553105
-1.630830 5.649987
0.192162 7.600281
8.982385 13.112136
-13.089152 -10.117855
-2.227603 13.911489
13.353739 -6.906775
2.342630 -9.860097
2.789094 4.327830
-13.668611 11.947930
-6.231820 0.299455
5.113486 -13.751985
11.937060 11.176032
-13.873036 -3.805759
2.720052 0.750646
10.207545 -3.208703
0.644929 -14.678260
-2.594987 6.525423
4.023190 1.116804
1.872361 3.879418
10.041506 0.844678
6.307772 12.528023
12.540284 -13.585032
-13.323372 -12.844545
-0.843816 4.707773
-5.514002 -10.675169
-3.777618 -9.868916
10.946691 6.379833
10.065222 -8.106356
0.870690 6.627538
-4.189810 12.594156
13.834215 -1.409535
-13.360782 -6.123120
-1.760026 8.181138
2.058552 9.747133
9.501177 8.441943
1.663488 14.921306
-14.738122 5.326819
-1.768126 2.967644
-13.879693 -9.322007
-11.745418 6.715533
0.149121 13.629933
-3.740608 0.373606
-5.598832 -1.915202
-11.300065 -2.575277
-1.329370 1.567281
-8.909396 8.892416
-3.597412 2.657188
-14.524411 -1.868198
13.513557 -14.008574
10.759657 -5.057776
-14.051373 -0.906778
10.289430 7.614203
14.539568 0.715560
13.466878 1.468895
9.938352 -9.319228
-9.538099 14.398857
3.183051 -1.325364
6.534983 4.870980
11.931405 -8.850468
-12.462715 0.353663
-12.565788 12.957796
-5.993367 6.132314
3.378909 -9.743004
2.908003 1.825354
-4.675149 0.940663
3.992735 -8.427337
2.955263 -6.268990
-2.836661 -10.455992
-12.976982 -11.255031
1.679067 10.729226
-6.908525 -5.053055
0.140114 5.935679
10.630208 4.091389
-0.832394 3.664265
11.043965 -9.795583
-12.491102 14.047882
-12.530901 11.849015
-2.482876 8.967993
-14.976882 -4.989731
1.339510 2.974627
-8.553719 10.448466
-11.506078 9.968175
-1.005382 -11.901875
4.501362 -11.854423
-3.584154 8.858141
-2.487329 0.575265
-11.375936 -14.365693
-11.371470 -12.630803
6.097433 3.601324
-10.453615 9.359620
8.414054 8.549997
-11.496478 -8.374492
0.730803 -2.323830
8.467081 2.169547
-3.009429 -2.689514
-7.296776 6.545902
10.871558 -4.056462
-10.467542 -1.988394
11.522707 -13.670436
-4.170784 -2.070723
7.697226 -11.743366
8.023052 13.729497
0.603054 3.877774
-10.549352 -6.697572
-10.250105 0.264278
-12.053674 -3.487223
-1.269513 14.880987
4.882594 11.874515
0.946920 -12.772222
-10.533427 10.409190
9.284600 3.167496
8.877414 7.622984
-3.671565 5.449220
-1.759740 12.847285
5.503986 1.259964
10.291599 -12.360059
-12.160937 1.400261
12.579209 9.527054
13.437191 14.931395
-7.690382 9.781183
12.327460 -5.547872
-14.573957 1.206292
-5.845593 10.934113
4.350070 9.978739
-5.987961 -8.982522
-0.395775 -2.710468
9.571052 10.907380
12.578871 -7.728229
-10.302813 -12.680476
-6.572860 -3.949288
0.124728 -3.670727
5.380356 4.507143
-1.374672 7.254341
1.313121 -9.809163
7.549988 1.753512
-10.576416 -13.733970
9.225752 -10.579625
10.507276 2.803287
6.116247 -14.334911
12.377161 7.743042
8.436640 -9.957772
2.476884 14.243687
-14.884532 12.198688
1.054161 -4.624502
-11.597558 -1.503371
7.611076 7.188852
14.441559 -14.741389
3.495907 11.739196
-5.350558 -8.207236
8.433480 9.798591
-14.619454 6.367127
8.197363 0.233724
-9.432502 11.947778
9.592279 9.800725
-10.827723 7.185974
-5.500709 -13.275111
8.521482 -1.640330
-7.192306 -2.549158
-8.111299 4.405474
-4.613859 3.293313
2.360588 -12.528313
6.921414 3.029093
14.104647 7.981717
0.330659 -7.984229
-3.122740 10.994567
6.505035 1.310775
-3.811142 -8.799349
6.710665 -12.198536
-1.067040 11.701808
14.620738 -7.873383
8.988726 -12.152426
1.090972 -13.762263
-2.223376 11.574866
-1.854446 3.966744
-8.232766 -7.644940
-12.511822 9.805339
13.586337 -11.516315
-7.241770 -8.927166
0.606780 10.772032
-5.474946 2.516010
0.587420 12.700837
-4.843789 4.566250
-7.958603 11.293653
-0.224174 14.753640
-3.712837 9.893120
-11.654417 -4.885779
4.784109 -5.444086
-11.142024 1.951814
-1.471622 9.330880
4.098871 2.143384
10.470612 9.282194
-9.744467 7.005696
4.381240 -4.326255
4.379056 -10.245152
-10.221081 12.666897
14.082138 11.572280
-12.164864 4.950704
14.636325 -12.165713
12.064996 6.377868
-9.095264 3.478904
-13.752881 -5.193385
11.516000 5.239106
10.865923 1.673711
4.156951 7.577183
0.297152 -5.425700
6.325083 -2.351646
13.387920 -0.356940
7.983897 -7.307953
11.135587 8.420015
1.335376 -6.098598
-11.270223 -5.984080
8.671832 -8.909381
8.328848 -6.356551
13.994143 12.702248
-2.744480 -13.430136
-12.595374 6.009550
6.102904 2.337693
10.009392 -5.752091
-7.036844 10.790016
7.674869 -10.703628
-0.796178 6.330978
-9.310649 -11.927846
6.728872 -5.616312
11.024545 -14.583514
11.601147 3.380300
4.796802 3.532827
-13.173866 -8.480259
-12.541592 10.847646
13.275016 -9.854417
1.559252 13.576915
14.630018 3.346553
6.275444 -8.996996
-0.257859 -14.195845
-14.474659 9.800413
1.409363 -7.903568
-3.500997 -12.556244
-14.362205 -7.772514
13.527473 -5.629294
10.415831 -1.993883
-4.750384 -6.740856
2.569370 -13.555694
9.799442 -1.166490
-13.977592 -11.788854
10.508826 12.767954
-7.262806 3.182297
12.708328 2.556906
-5.993873 -14.333083
-7.923136 8.722838
6.014962 -7.884816
5.517003 -12.825986
-6.361303 14.567424
8.842324 -2.649126
-14.619845 0.084963
14.506949 -2.276941
-2.086822 -12.600856
-11.252081 3.992714
1.147411 7.935973
-11.024837 -3.762658
2.997606 -0.271732
-9.424097 -10.825996
6.337839 9.988183
14.265272 2.181229
-4.134732 7.913601
9.441141 6.109609
14.222377 -8.966526
-6.705022 -7.647737
7.759915 14.792400
-10.667475 -10.392841
5.081096 2.499473
0.996535 1.052949
-11.132996 0.799529
3.371828 -11.995591
11.603652 13.577064
-2.787480 -9.194916
1.762913 -2.255699
4.746600 14.020036
-10.533290 14.971529
7.372996 4.123612
-11.549383 -0.257052
-10.275518 -7.659966
-6.838754 8.721918
-6.719045 2.274420
7.182873 0.517525
-10.499809 13.924507
10.974960 -11.604285
-14.445975 3.878008
-13.405713 -1.697151
-2.166581 -6.930955
-1.902664 -1.801295
14.203781 6.860347
-14.616998 2.386595
11.229658 0.511026
2.995537 -4.162542
4.834876 6.767174
14.087244 -3.230667
-13.539745 0.104989
-5.420613 14.016695
12.364098 1.455948
12.665886 -1.232175
12.889005 11.841452
-2.341528 14.962768
-4.555384 -13.916681
8.184128 -13.010726
-0.259486 -9.009732
14.887679 -3.929410
-0.571140 -13.217139
-10.098926 3.853255
-9.300276 13.388732
2.048604 -0.876599
-0.472992 -4.484004
10.268169 -10.493413
-11.493128 5.708683
-14.917105 7.350460
-12.443515 2.837190
10.855703 -8.771601
14.017669 -4.587192
-4.634650 -1.172880
-2.556062 10.095951
-0.948870 13.744670
-4.729339 10.235437
-8.406822 12.281761
8.100899 -3.990784
7.778637 -8.301307
-0.480091 10.485157
-0.845883 -9.919647
-6.351995 7.578443
-11.994274 8.874520
