9.413746 -3.298124
2.409962 10.808534
13.440257 12.052779
-14.810958 -10.143159
5.248809 14.933843
-14.521347 0.505812
-1.267133 -7.491138
-10.355717 12.310974
-6.752393 -12.562992
2.006778 1.763547
-13.551688 6.781036
2.475043 -3.587321
-2.012114 -8.180670
-14.771500 -6.039179
7.559664 5.459022
-3.641560 14.004168
4.380661 -9.731282
-10.121804 11.180366
-7.891871 -12.171744
9.654201 -9.442366
-14.937870 10.656277
12.970769 -3.872292
0.266308 -8.656776
2.631888 7.553729
-2.077846 3.958752
4.827184 12.068411
2.152482 -14.032356
-10.646167 -0.161875
9.666098 -12.677511
-4.697739 4.705514
-7.754643 14.242066
5.583433 -6.636055
11.971834 -10.267950
-2.528296 -2.058382
-0.251303 -7.528292
-13.341637 8.371320
-14.141439 5.969293
12.340248 -9.221312
-11.086037 3.490970
-9.868640 8.344387
1.491421 -14.843578
-14.039201 10.068464
-4.738033 3.551884
-8.499373 10.303612
-3.135127 -5.158710
4.249282 -4.277850
-3.574567 -0.661923
4.582485 14.186523
6.546514 -2.588555
-2.256950 -7.096086
-12.212985 4.031576
10.433705 -3.523569
3.219825 12.863752
-11.786487 -4.492799
-4.742977 10.367509
10.503358 -8.378968
14.931811 -14.419025
3.834154 8.842176
2.917974 -10.991352
-9.145067 -7.618384
-8.335755 -0.451764
9.126191 2.816433
6.028567 1.854825
13.262720 -5.958607
-3.421719 -6.945196
-5.220657 -12.962758
-9.270326 -1.200301
1.800062 3.817355
-1.882000 14.651752
11.096537 -5.592152
-8.224918 7.300199
-0.116398 -9.850786
-10.256650 -7.723665
-0.565820 -0.545016
8.376797 12.904560
-11.050597 11.589932
8.476351 -3.752897
-9.055891 13.823203
1.025262 -13.435784
-13.335256 14.930162
12.656595 4.879544
1.976747 13.103015
11.218715 1.303885
7.529185 13.633773
2.139474 -7.699927
-11.909777 6.205718
5.330240 -9.345027
6.365215 13.451229
7.786383 -11.559088
-7.799203 4.732867
2.833951 4.306906
-2.372122 -13.336645
1.668716 6.961846
-13.139143 -7.281307
-7.243486 -3.185272
-3.994967 11.068086
12.039656 0.373055
-8.866214 9.295545
-4.655124 -10.137799
14.157222 3.290190
-10.314156 -1.160845
13.265700 -1.771986
-10.351717 -9.010407
-5.755540 -9.855242
0.775257 -4.824801
-9.785559 0.459509
3.984147 -11.014086
1.886349 -9.629557
13.296502 -8.576297
-5.112195 -9.037755
-6.144683 -8.913181
6.193175 14.450089
3.570087 14.566401
5.568522 -5.439728
2.867029 -9.834779
9.528604 3.767416
-14.843607 2.863226
13.378085 -4.891080
-12.758242 -8.266443
10.535948 9.097856
14.734749 -12.217110
6.754168 -8.119435
5.612374 -13.033437
4.321941 -14.653218
-6.904602 -10.739272
-2.369555 -9.157378
6.943918 8.670547
11.224488 -11.065955
6.178035 6.328455
-2.353638 12.402303
-4.479352 14.600878
-9.030159 -14.831684
-12.000972 13.921084
-11.629289 7.333283
-11.255976 0.730210
9.905327 -5.575333
-12.454451 2.938067
7.832342 -7.018111
10.779089 -9.447823
-5.675240 4.465346
12.056757 -6.353432
9.090310 -8.538373
12.030207 2.179357
-1.470239 10.085510
-11.917878 5.025867
-4.278644 -5.027405
5.639367 -3.863223
9.318208 12.407956
1.937626 2.778374
9.623057 11.362636
6.653307 -3.689822
-7.515860 2.610887
5.843344 12.529610
13.029896 14.356743
9.146409 -0.700627
11.003513 5.896083
5.109373 -2.477528
11.088353 -1.567844
11.250334 -2.754195
4.714757 -6.031738
6.703813 2.796238
14.820439 -13.227791
-0.766448 -8.474858
-14.054037 -6.807805
12.363164 -5.252848
-4.535608 7.186307
-14.285478 -12.609976
-6.100838 11.731073
-4.054977 -9.219847
-6.759631 13.686013
10.045721 10.106560
7.602506 -3.098303
-13.710359 11.014636
-12.792586 7.525213
6.182766 11.236372
-3.494781 6.719575
-8.226363 1.804342
4.181615 5.145732
-7.640607 3.666410
14.362047 -8.759979
7.234443 14.754336
-5.419377 -5.725915
2.008132 -1.764371
-3.095037 11.651309
8.256931 -1.445027
-2.326880 13.601237
-0.596992 0.466135
8.763522 -5.350092
13.856914 6.582439
-3.235110 12.937751
7.869443 -4.749997
-13.450590 -11.608566
11.625009 -14.195726
-5.721961 -12.091287
14.099776 1.721513
-6.859088 -9.678936
-4.111756 8.916274
9.261226 -1.779922
-7.060434 -1.595768
10.645142 8.025586
9.023942 1.808908
10.534638 12.961606
12.085845 7.041492
-10.773284 -4.725510
1.012079 10.129275
3.640153 7.685004
-0.696118 7.078673
4.486585 -12.785107
-3.710138 -4.137269
5.809922 8.513904
1.122491 -3.549551
-9.140379 -9.080400
14.300401 -5.392284
-6.983980 10.167620
2.626526 11.810248
-12.776330 -3.905978
6.067621 -1.464205
6.469808 -9.109343
-14.934672 -3.700796
-3.706973 -1.659059
-8.373363 6.307303
-7.758930 0.703783
-3.462528 2.967173
-2.514140 10.295675
-0.689073 5.969807
1.478994 11.185817
-13.844345 2.577567
1.765607 -4.531110
-5.561100 12.596232
-10.650035 -14.209082
-13.003067 -9.431253
-8.068552 -1.563272
6.583772 0.247749
2.708369 9.828021
-7.369246 5.680802
12.464500 8.662828
-7.885652 -9.780618
-0.998369 -2.795141
14.285822 -0.793839
8.547880 11.727416
-2.803072 0.354345
-1.646890 -11.806326
-4.525740 -3.527248
-9.992847 -4.033241
-9.508843 10.293309
-11.605426 12.647420
-1.885024 6.898986
-3.691058 -13.601161
11.758409 9.908246
-7.799685 -14.700887
-10.034957 -12.091526
-1.103656 -9.686884
-3.047534 8.835040
4.170621 -3.115874
-6.338886 -2.519813
13.641177 5.238636
-5.180285 8.150668
11.053591 -6.918056
4.424833 10.981641
-7.703825 8.437538
-0.482215 -1.893996
1.796358 -2.781455
-5.555476 -0.882583
-13.987842 -4.314495
13.847444 -14.762489
12.337025 -7.665352
-3.903701 -12.481405
-4.238441 -6.149868
-2.050597 -4.837888
-11.472535 -12.168135
9.004572 10.521228
-1.147069 -5.303231
6.732262 -12.048784
14.601181 9.469233
2.532428 -14.967897
-2.124628 9.276182
7.933141 8.118216
14.069073 -11.065998
-6.945989 6.804966
-12.640167 -5.055018
6.513257 -7.039008
-4.511229 -2.442254
9.702198 5.757472
4.222498 -0.792619
-5.668310 -4.463786
-12.226285 -12.826299
7.879818 -8.476537
13.075485 13.267191
8.583107 -9.565980
5.074814 2.550319
4.715894 0.107400
-6.452070 3.444497
-14.744109 -4.970318
6.064039 -10.378686
-14.589901 11.833440
-5.100366 11.444431
-3.589661 9.792001
-1.385820 12.772060
-10.227764 -2.615922
0.803721 -7.746060
11.398172 3.219804
-11.459089 -0.916441
-3.373660 -8.480991
-6.852420 1.252248
12.600598 -13.562557
8.767142 -11.859450
-6.992741 -14.034496
1.794506 -0.119895
13.992570 10.387417
8.712902 -6.534338
12.952793 2.637683
-0.535942 9.318848
9.762058 14.882212
8.643405 -2.627592
14.484272 13.890791
-11.986812 -9.536146
-10.883977 13.487811
-7.646579 -13.141706
-8.799986 8.127331
10.284687 3.098176
-0.428210 14.889090
-4.992080 2.574643
3.418884 10.878360
9.994419 1.402085
-10.594879 -13.060838
3.333452 -6.808823
14.372386 0.472841
14.238193 12.723786
5.960457 9.647663
-12.433711 1.932483
5.676592 -0.227162
-14.445868 13.961311
-10.802237 -6.652297
-8.648081 -6.322216
-0.107128 5.100220
-9.872332 14.405467
-12.316632 -11.557264
9.425741 -4.441530
-4.596366 -7.121415
9.959674 -11.360405
-14.693826 -0.534600
9.272385 13.918364
-4.347246 -8.119905
6.615257 4.038108
-9.773545 -6.705494
2.558651 0.697684
11.607745 4.393083
6.446120 -14.356322
-2.579003 -10.877673
6.821273 -4.733825
-10.416712 9.467217
-2.056710 -2.961249
-12.836234 -10.561849
3.285093 1.809452
-9.274645 -2.248492
-7.785655 12.200752
-9.519399 2.084103
-9.081723 -11.404937
11.600885 -8.409257
7.239001 11.282705
4.554817 1.502179
-5.854050 -10.977489
9.212566 -10.669327
2.657221 -8.755353
-13.057862 5.651320
-10.028752 -11.032362
-3.279807 1.270106
2.959996 -12.940885
13.916237 -9.911087
2.513575 8.620193
-14.780206 5.155507
-12.474649 11.408099
0.344605 -11.874844
7.592189 -13.869748
-1.523220 -1.838109
10.433972 -13.407610
10.223359 -2.292537
-13.598142 -2.265458
12.170224 -11.457021
-8.308175 -3.721644
9.319949 -7.527869
-3.836799 7.942749
-5.631354 -6.752098
14.753696 6.104411
-9.344940 -12.816580
14.062141 -6.560732
0.526212 7.685803
-11.026522 -1.952379
1.915578 -12.905740
10.886306 2.259555
1.092402 12.286510
-3.719040 5.505530
5.356475 13.493301
-14.222694 9.059051
7.739350 -5.813048
-13.610437 4.718218
-10.959354 8.301487
0.947157 13.309164
-1.611636 1.671950
-0.466361 10.668966
-8.113819 -2.629974
-4.726056 6.020227
7.969343 10.378447
-3.900983 0.448093
-12.455470 -2.232488
7.627076 3.271900
-9.309284 7.244136
-13.897507 12.922365
8.732852 4.440081
-5.245144 9.318886
-14.531359 -1.651163
-1.828550 -14.214605
4.576540 8.080409
-11.862943 -13.778145
7.147222 6.653598
-1.019643 11.747595
-13.200441 13.909632
-12.410014 10.391170
-1.346637 -4.054098
0.657117 8.686688
0.168202 -6.364660
6.962889 10.187337
1.792243 -10.662606
-1.609735 -0.680614
1.606727 -8.591574
-7.990136 -7.488241
-6.165877 -13.411734
-1.968389 -6.084554
1.849769 5.382583
-10.393136 1.432471
-12.161143 8.360580
11.749815 14.728519
-13.292936 3.654332
-6.661300 12.584942
-7.847592 11.197475
14.249578 -2.825344
0.701629 5.690807
3.957025 -8.695677
7.135579 1.260277
9.138737 0.670620
1.322533 -11.568568
-6.627136 -3.996882
-9.822596 4.781258
-7.869328 13.227363
-0.609064 -12.245831
9.315865 6.850887
2.661930 -5.334040
13.129118 7.541636
-9.897974 -10.002998
-2.481488 2.563933
8.230384 1.096859
-3.515269 -2.706536
-5.860485 7.175636
-10.042404 -5.571325
-2.629752 -3.846361
9.613498 -13.992628
-4.019827 12.155903
11.551564 12.963339
12.449255 -12.445006
5.225739 -7.798574
13.444461 4.042804
2.914061 -0.694139
-0.601310 -13.455250
-6.619397 -5.038589
12.095062 -2.125374
-4.758807 -11.564412
10.639406 11.665337
7.713203 4.332617
9.226276 9.496774
-11.024333 14.486183
0.334607 11.345003
-0.320199 8.341465
13.133372 -10.545273
-12.758073 12.753048
12.422878 12.300103
12.836218 -14.644686
-8.945936 11.267225
1.156578 -1.170160
14.017445 -4.011190
4.712856 -11.737504
6.830470 12.364845
-7.853441 -5.585504
12.547498 3.568456
0.938156 2.169714
-11.120969 -10.947498
0.149743 3.711548
-9.262364 -3.339258
-8.591496 2.772660
4.446440 6.842340
-3.683737 4.013394
-12.911900 -14.151357
-9.905258 13.259600
-9.602369 -14.011211
-11.626873 -8.509463
-11.911178 -14.993591
5.093823 -13.970008
7.289472 -1.814036
4.167883 3.779258
6.618975 -13.182804
-5.448936 -3.028732
3.240992 -4.461611
-1.087519 13.857050
-6.599785 5.031461
1.516507 8.001756
7.528985 -9.503435
11.067342 10.635162
-12.135065 0.115662
14.578567 7.435577
10.390518 6.783077
10.570713 -14.457369
-13.317430 1.327199
-1.720453 5.529798
7.607147 -12.836956
5.005920 -1.440862
-1.802755 0.553121
-13.656933 -0.700926
-0.807527 4.233645
3.148875 5.449417
0.100281 -3.642330
8.038512 -0.164093
3.763786 -5.590484
-14.241024 7.554730
3.712905 0.865128
12.985039 9.758909
10.358010 -10.355376
1.425326 0.942184
9.066198 8.113346
3.699503 -12.146049
-0.620364 -11.223946
8.158904 7.041912
-2.581086 6.098390
10.340608 4.614341
-11.481232 9.508051
14.308744 11.538731
-7.372169 -6.478168
6.883313 -0.866366
-4.191919 1.760267
-8.633998 -13.761094
-5.603985 1.599043
-14.332129 -9.075428
-4.282904 13.201095
-1.921916 11.313476
6.522763 7.529041
-5.860465 10.467155
-6.218063 2.409618
-5.941075 14.412323
-8.889742 5.217433
-1.332764 7.944166
-10.371533 7.126593
-0.070183 12.329246
5.684568 -11.413255
3.420279 6.672559
13.144741 0.282931
-11.416778 2.038389
-13.784956 -10.115695
-13.064982 9.626949
-8.768434 4.189241
0.881611 -9.660735
-1.254297 3.124318
11.170240 -0.257591
-5.452685 -2.015023
11.685136 -13.104105
8.805475 -14.800504
-14.854090 1.861995
-0.862171 -6.455742
8.566193 5.572474
-7.867195 9.471300
0.342708 -2.495909
-11.415706 10.608826
-13.672711 -5.438076
0.694615 -10.751060
4.052987 -1.778720
-14.500452 3.908003
10.669895 -12.245814
9.921147 -6.709017
-5.990031 -14.507147
5.399726 0.858280
-5.859008 5.784448
5.789473 3.340944
12.171152 13.768286
13.780399 -13.672779
1.609498 -5.771356
4.052844 2.634000
-11.949497 -6.511528
-6.553374 9.028302
5.499536 7.250142
13.843359 -7.583572
14.556014 4.331981
-2.858004 7.560233
13.209371 -2.778735
11.577938 -4.152329
14.391492 -1.821303
7.803708 9.269537
-0.265536 -4.582770
3.946278 9.973881
2.434945 6.240032
-6.685645 -7.569879
3.840069 -13.729949
-1.519307 -10.760499
0.671261 14.477848
-11.966519 -3.219140
4.914304 5.892769
13.238769 -0.762047
-13.382166 11.960075
3.846411 11.865429
-7.965583 -10.863038
8.185714 -10.514813
11.646931 7.990422
10.643277 14.080667
-13.395042 0.323706
2.288561 -6.526490
-5.160590 13.776831
-0.108183 13.552268
3.225585 3.375824
7.936518 2.289449
-0.010115 1.351318
-11.706104 -5.529209
5.090858 4.633064
7.057721 -10.558088
-6.616688 8.027931
-14.998325 -7.602789
-12.913196 -6.176605
-4.550170 -1.115319
-2.705274 -11.985302
-14.106629 -13.791988
4.378956 13.146452
0.506563 -0.356424
-13.980639 -8.050505
-8.910628 -10.187254
0.242859 6.672137
6.687796 -5.880111
1.205358 -6.790964
5.318083 10.450744
-1.505511 -12.803096
12.233108 -3.133945
-10.906201 -3.357079
-11.457059 -7.460430
-7.213500 -8.488505
-6.470285 -6.038062
-12.712516 -1.127433
-9.202410 12.246402
13.193245 -11.574238
1.636208 14.096652
1.800914 9.360745
4.463108 -7.046503
-2.645038 -1.060465
13.513757 8.537361
12.390870 5.882197
10.318477 -0.926227
-9.110469 -5.111326
-4.826261 -0.068864
-5.545563 -7.852729
-10.856425 5.695288
-4.994742 -13.973271
13.168385 1.311269
11.940263 -0.905854
0.808887 4.562176
0.442700 -14.402117
10.029005 0.084999
8.686360 -13.434319
-7.713608 -4.532514
6.458554 5.248446
10.532254 -4.639856
-9.028746 1.186113
-6.855320 14.936148
-9.876063 3.346085
-5.783373 0.303746
-0.686919 2.196142
-11.021413 4.506989
12.389444 11.196134
-14.659426 -2.689166
2.955593 -2.262025
13.457156 -12.539085
-14.718339 -11.359911
-8.232317 -8.521977
-9.579967 6.088655
-13.840625 -3.311135
2.789728 13.847029
14.662898 8.451875
-4.812642 0.969684
-10.483103 2.431910
-13.249639 -12.661643
2.371716 -11.995482
4.750465 9.335991
-6.811309 -0.101895
-3.630161 -10.702886
-2.811601 4.748281
-2.838318 -14.898146
