13.133877 0.144073
10.915879 -2.440274
-11.095752 7.801227
-3.883404 4.612873
4.660027 -3.177954
-6.545410 10.185233
3.226535 3.693807
4.647146 13.899682
-3.216455 1.834773
6.431552 -14.881509
-8.288630 1.285387
-3.089764 -11.206821
-3.334177 3.111519
-1.366088 9.409947
-13.984042 8.626949
-9.167047 -4.802447
-13.400113 7.690670
-1.450614 -11.767160
12.058431 -13.737225
7.456041 -2.223909
7.583944 -12.007829
11.560940 13.287848
-1.011079 1.811260
-4.409641 -9.580303
-6.650628 -11.701486
14.710536 9.009161
-13.468801 -13.566406
13.982763 -0.387161
-5.553653 -11.475742
-4.357405 1.850303
-7.673139 -8.844561
-3.322798 -1.385142
-2.645668 -6.703529
-1.650295 -10.089350
13.882345 2.767854
-0.228600 -11.747710
7.268018 -7.319725
3.666288 -0.403368
-11.701959 5.383236
-0.367052 -2.484156
-6.824736 13.159747
5.582742 -11.036665
-6.385265 8.150110
-14.683131 -3.425323
7.586069 -14.839010
9.871277 -1.766583
-14.018816 11.330364
-7.500477 7.963496
-13.697373 -0.358123
14.895960 11.260670
-14.105092 0.558407
2.003932 6.606374
7.729041 10.542749
-9.843260 -13.147323
11.352904 11.222768
3.506848 11.989535
5.723268 9.823599
-6.812674 -14.805274
-4.268681 -1.879843
12.197115 -0.372637
12.057953 4.678335
-0.416742 -3.799487
3.043273 0.426605
-7.590720 11.050474
13.481828 10.681696
7.897227 1.024647
-1.674037 14.888409
13.163482 1.891609
-3.770531 -8.270542
-4.701236 -12.396367
8.048802 6.234407
10.993115 4.599016
5.446476 -12.043216
6.589021 -4.376698
6.618585 -8.424582
0.347745 -10.610733
4.033304 -13.422108
-13.952127 -6.416797
10.273263 11.699733
-14.874716 -12.362324
0.961425 4.613170
-7.734586 9.994796
-8.477366 13.626179
-1.539831 -4.068217
-6.024359 -4.172813
-4.948989 -10.631109
-1.161604 12.444248
10.288683 13.520185
-3.806446 -7.214260
7.551456 -3.402162
-12.268480 7.163782
6.900976 5.136026
7.909610 -0.923550
10.824033 -8.345166
10.944808 -1.381669
14.648384 6.914393
2.253247 4.347536
-4.834954 8.847580
13.967826 -7.730228
7.334500 3.284160
-6.603535 1.367408
-1.896490 -14.032594
2.532816 12.433507
-3.583148 -12.559823
14.711509 -6.602314
10.204805 -12.551834
5.603571 8.785796
-7.884618 14.990868
-8.583167 8.123800
9.975834 -10.378623
3.409603 14.238837
-11.637818 12.207976
-13.842765 -14.643603
14.335728 -5.509349
-5.063058 -3.773872
9.501646 1.008691
-9.765379 -14.167155
-8.147683 12.292785
-1.201728 -3.106200
-2.399413 3.638468
-1.389610 5.659296
-11.950693 11.203189
14.874159 -1.225659
9.188533 7.465228
-4.608177 -14.391465
9.141207 -5.995272
-2.721126 9.109680
10.920764 3.537192
-13.739512 -12.239641
-3.825453 -13.715528
3.501190 -5.950917
0.096598 0.611858
3.138814 -1.402901
-3.819401 5.685685
10.346455 5.410874
12.981400 5.319173
-8.893525 11.539430
5.583983 5.589549
-5.817305 -12.606852
-9.656082 5.206095
0.009004 -8.663512
3.472457 8.498778
-13.411531 -10.331742
4.569546 8.705255
-3.273991 6.556491
-1.974186 11.594389
-7.552682 -13.473691
9.309214 5.353339
-7.434267 -0.715956
14.937530 14.446008
12.086660 -4.132152
-0.551732 2.748835
-14.050705 -1.297930
-14.416997 1.840859
0.480613 -7.705453
-12.324612 3.107918
5.865495 6.623458
3.703723 1.431821
-9.634263 -11.161626
-13.926471 6.541034
-13.257343 3.733218
0.930623 -14.407334
0.770657 6.849157
-13.479396 -5.520839
10.366583 -6.963111
-8.966998 -8.270516
13.242216 -5.449811
9.752477 12.601748
-12.815526 -12.781412
-6.865188 -2.739386
1.125961 14.595579
9.010005 -14.895400
-2.989060 11.847918
11.437991 6.059601
4.710837 10.381362
11.043645 14.656945
12.274003 -10.286800
10.653120 7.272366
-10.763992 -10.098008
-10.367638 -8.462737
0.054699 -13.848304
-2.308564 2.538743
10.301697 10.698685
0.475631 3.160449
-8.506773 -10.598266
10.375737 -14.546095
6.535396 -10.592156
13.132304 -14.206469
-10.861625 -0.307262
-7.394587 -12.451722
-10.400256 -1.509244
-6.001470 -0.294890
13.679913 1.016680
5.944863 -9.721900
6.297172 11.991376
-5.204708 -13.409818
-6.193417 4.680559
10.153620 6.398651
-6.352953 -10.502676
-8.890481 -14.803598
6.853284 6.219449
3.856574 11.011174
-0.378438 5.897522
1.502591 -4.630000
8.127677 13.993025
-10.630825 4.388535
-2.219146 -8.457550
1.676840 3.448846
-5.454269 7.684321
12.597318 8.333261
-11.363388 0.714469
6.403089 -11.682068
-7.573572 -11.026706
-8.026117 2.825062
-10.428093 3.362073
-3.778190 9.843410
-12.579261 -2.936681
-9.218660 -12.272472
9.660869 -11.539279
-3.334950 -2.460291
1.039094 11.073632
-14.079807 12.398843
-8.231868 6.478535
1.971498 5.447479
-10.278136 7.153702
4.571891 -0.847282
5.270067 4.606441
5.971826 -13.929372
11.895280 -11.294391
2.161661 -8.097014
-9.328718 4.252446
14.122382 9.832835
10.471619 9.220211
1.584598 -6.916386
-8.076893 0.167933
10.686159 -11.531110
12.057907 -2.848843
4.737670 11.876604
1.372333 -5.772980
7.536921 4.349048
-1.236610 8.331941
-13.842412 -4.540546
11.434710 8.677131
2.599223 -2.626657
1.894763 10.306377
4.791382 1.509046
13.322345 -10.587432
1.355925 -10.311690
-2.948327 13.359244
5.156714 -6.481122
4.608425 -9.303396
10.976312 -13.438948
3.377306 -9.352054
14.536821 -8.844994
-1.759878 -5.975468
-10.597706 -2.960372
12.738775 -7.369580
-9.132140 0.594068
-7.252801 -10.005075
-14.934657 -7.836312
-3.164222 14.340555
4.116974 -12.060346
-4.992048 -0.174712
0.341400 -6.477809
6.492041 -3.028246
-3.860081 -3.389049
6.784324 0.993721
-3.005065 -5.687850
8.038970 -13.119700
2.258516 1.416714
14.068426 -14.762353
2.524840 9.412400
5.689987 13.709203
5.582777 -1.181032
0.482407 -9.570546
5.364897 -2.466705
6.969533 -13.734284
4.559932 -5.299477
-5.565356 -2.150215
9.013249 2.151047
13.394485 -13.155239
-10.660640 -6.185498
11.419223 -7.339421
-5.915713 -3.111192
-8.317134 4.377098
-5.260149 2.650307
-14.418247 -8.732638
11.651750 7.606079
-4.145302 -6.068034
13.015791 -11.913679
5.755403 -3.736650
13.624470 12.742268
-5.826404 -14.310418
12.249931 14.093438
11.442924 -12.219975
-4.117462 -4.362375
-8.486834 -9.474608
-9.625438 10.851133
-8.177920 -6.295519
-10.645754 12.680509
14.647417 13.079841
-13.302789 5.335255
-12.823388 -14.360299
-11.744478 -6.622126
12.844945 3.897390
-2.178189 1.451853
2.066329 11.521342
12.485883 10.934560
-7.344463 6.944834
8.586296 4.019445
6.980164 9.852185
-7.179523 5.134646
4.213718 14.846193
0.669006 -0.370760
-0.513731 7.634043
12.589392 13.026165
-12.016845 8.301121
13.929914 11.767471
0.840255 -3.480248
9.145380 -0.785883
-10.080224 -7.357883
6.813969 7.438915
4.110645 7.693888
-1.077850 -1.643242
1.822951 7.678913
14.432047 -4.346040
0.595239 7.864806
-3.019601 0.845644
-10.314581 0.930838
-4.719154 -2.781608
0.031115 -1.544903
-0.243671 4.882595
4.292442 4.105478
-14.682744 -5.210030
-4.882546 9.875207
4.254951 -1.881090
12.093814 -5.170893
0.061948 11.615926
-4.446351 7.663790
-2.913327 -7.705540
5.579925 7.591036
5.634444 -5.201495
-4.101902 14.722540
5.718124 1.069880
5.695207 -0.079586
-8.593800 5.470695
-6.437020 -1.449179
-7.526290 -1.878636
-0.356554 3.863619
11.980686 -8.493056
-0.050434 9.357203
-9.425806 -10.180379
-8.019695 -7.750117
-13.007711 -11.379527
5.728133 11.107741
2.882880 -12.891553
2.781142 -11.671944
14.011721 7.827572
13.629728 -9.556423
8.656214 -13.947353
-5.810776 9.480214
-0.739683 -13.052330
-12.479455 4.414993
-1.133303 11.016117
9.243597 13.774585
9.503274 -7.856870
-9.740035 -3.853019
-12.201060 -9.798148
10.660430 2.483757
1.309722 8.714719
-3.123859 -4.499910
9.721944 -4.022933
-8.333821 9.168360
-4.278514 11.119449
-11.020628 -11.313292
-13.296173 -7.774412
7.561235 -10.977388
6.331662 -6.050246
-3.757869 -0.205333
10.076542 8.266796
3.956705 9.510871
3.437513 -10.750977
-6.087804 12.408370
-13.599030 -3.545557
-9.433959 14.224034
-12.782953 10.318331
8.797884 -8.718894
-2.357997 8.161306
13.529260 8.975394
13.188145 -4.261086
8.594392 -11.914374
1.064290 0.932887
1.913377 -12.232705
-14.919022 -14.538214
7.940276 7.343630
-0.665132 -10.793098
-9.613139 9.163069
-12.764053 0.401044
-14.540392 -13.347895
-9.829618 12.090558
3.566084 -3.128615
8.709835 10.292955
9.105332 11.240055
-4.766498 -5.213707
3.050841 10.372892
9.576412 9.728260
-11.344984 9.735934
2.154802 13.556235
-14.964076 -0.194288
-11.365852 -1.184721
-11.945587 -12.162700
-6.808759 9.162401
-1.651599 -7.037982
13.995976 13.946213
-10.919990 11.037217
11.091359 -10.404602
-3.762603 8.698809
9.736986 -13.634141
-10.211752 -5.284036
13.827553 4.551995
8.761894 -1.882991
-9.478173 6.245937
12.100777 12.020988
-8.098783 -4.876092
-2.140982 6.590249
8.907201 8.761983
2.044809 0.365519
-8.456116 -0.921101
1.330548 -2.591838
0.884924 -11.552017
8.629422 -10.764273
-9.994550 2.061327
-0.999047 6.757759
-12.030401 13.230939
6.418564 2.000088
-5.447129 6.330439
-9.921913 8.152366
-14.866367 7.831147
-13.385330 -9.225497
0.691658 5.651913
-4.451513 0.841475
-1.762292 -12.943161
1.904300 -3.422146
-0.652952 -0.578653
-10.517257 5.788035
11.760839 2.838302
12.478962 6.189289
4.828978 -10.291600
-5.193112 -8.683687
12.983678 -1.030617
3.253858 -14.254121
-12.288260 -7.641852
-8.793480 10.220052
-2.058785 10.428028
-12.887773 6.351886
-12.052099 -0.353136
-12.559656 14.238924
-1.988658 -1.134232
6.529326 13.067306
7.914048 9.291203
13.206034 -8.381541
-11.431758 -5.353372
2.913604 -7.308297
-11.371291 -8.131916
2.348464 -0.595343
6.749123 11.063849
9.759388 3.109283
-4.841478 5.533262
-2.206035 12.580486
-7.586363 -3.723733
-12.662866 -1.817949
-14.091847 3.067391
12.888445 -2.263331
7.568014 13.126095
-1.877458 0.223114
9.052393 6.365967
-14.520905 -9.899266
-0.514208 -7.065527
6.515306 -12.750766
-0.742313 -4.774785
1.036477 -8.628011
2.502684 -10.366384
14.534768 1.844828
-2.395279 5.612094
-8.572440 -13.300547
10.813064 12.596055
-11.533035 -2.377592
12.423081 -6.412517
6.842347 -0.819924
11.756892 1.792771
10.428973 -5.777567
14.375309 -11.151207
13.116449 14.651447
11.119572 -0.368852
-13.239109 2.374418
10.163279 -0.677403
-0.906304 -14.319810
1.047707 9.702528
7.415170 0.135995
2.868108 7.542253
12.477408 9.364100
8.580260 0.193089
-2.987422 -14.562550
4.712849 6.423691
8.646452 12.273962
-10.626356 14.924932
10.471128 1.476206
-2.770089 -10.240937
-5.270380 -1.151431
-2.785227 -0.487360
-3.211606 10.860858
-0.841715 -9.429167
-11.329247 2.800425
-7.132461 11.963429
-1.137392 -7.967096
9.955796 -8.903716
1.365218 1.935449
-12.494912 9.223105
12.340964 -12.664538
6.990655 -9.369055
-11.103139 1.734284
14.911593 4.066602
-0.903664 0.531144
-0.181114 12.670484
-5.035433 4.543997
9.554650 -5.056227
8.221984 -5.427485
-2.840465 4.597608
11.935406 -1.648468
-6.156290 11.406748
-7.379189 14.064153
6.421177 4.246265
-2.863506 -13.376488
5.182795 3.574198
-6.441374 -9.315265
5.489588 12.720638
-14.195518 4.758306
-6.568741 -13.290779
-1.338101 3.537473
9.668844 4.364498
-8.845066 -1.864064
-7.045878 -4.700285
14.212369 -3.305397
-0.838298 13.623402
-5.182291 12.887636
-5.118936 -6.350922
3.675732 13.127814
-4.360731 3.723531
3.334212 4.761483
-12.769050 -6.429229
3.067534 5.977418
14.059270 5.765246
-0.728194 -5.866076
-14.589465 -11.380446
-10.344051 13.634535
7.687367 -4.511644
2.434417 -6.320534
2.709255 -5.173501
3.335627 2.655944
-8.880379 2.161082
1.112037 13.394735
10.529893 -4.749067
-13.374342 13.622286
-12.470369 -8.639693
-2.094132 -4.910217
4.411486 -4.191177
4.289073 5.331468
8.226654 -6.570705
6.677982 8.802320
12.858801 2.862337
11.422024 10.062768
8.257823 -7.570446
-6.990198 -8.021002
-10.789410 8.857950
-8.258042 -11.915803
0.957545 12.405928
11.450882 -9.423185
7.705662 -8.559074
4.741216 0.331806
14.871697 -2.500359
12.679445 7.299354
13.870027 -1.513342
-6.273270 7.038148
12.612578 -9.295753
-5.554298 3.673215
8.589517 -2.972055
-10.882607 -13.979410
12.565292 0.981266
0.040886 14.345255
8.337379 3.009818
-8.630927 -3.833031
14.788175 5.065689
5.389586 14.851680
14.049986 -12.199064
-6.249418 2.836893
-7.072931 0.420124
7.671687 12.006123
3.132577 -4.231050
-13.987836 -2.423742
-3.265419 7.611687
-11.170712 -12.872363
2.531560 14.860746
-14.386125 13.383799
-14.817936 10.103281
9.206497 -12.707371
-11.901749 -14.813560
-11.484295 -3.459302
6.177267 3.274754
5.490684 -8.254287
-11.504619 3.789583
-7.145102 -6.825184
-4.424024 6.650342
-12.964292 11.456276
-3.894605 -10.503343
-9.591267 -9.139169
1.726621 -1.616995
2.105477 -13.649525
-4.777119 -7.712102
-5.701943 0.917812
13.170076 -3.239590
-11.337636 -9.132015
0.367811 1.857986
-8.982529 -7.130106
-11.419498 14.035500
-9.163798 3.244811
4.984479 -14.177651
11.442649 0.749564
-7.286160 -5.673494
-13.468908 9.557898
-5.189406 14.714647
-6.121599 -7.397979
14.767533 0.811501
0.047553 10.366964
1.872074 -11.196060
13.640855 -6.587060
-5.137991 11.802371
-7.250697 3.935323
-3.935387 12.258166
-6.286454 -6.291993
-9.209922 -5.861673
14.470442 -13.192889
-6.018487 -5.173141
-3.008388 -9.264337
14.901788 3.041298
2.179056 2.574599
7.166345 -5.369682
7.962526 -9.657873
5.207099 2.429983
-2.273196 -2.233214
-2.011160 13.942320
6.092118 -7.422250
-6.002110 13.993824
-10.275622 9.928515
-2.625335 -12.147432
-12.035402 -10.986332
-11.238602 6.707489
9.883359 14.571925
-10.716036 -4.384360
-9.238710 -2.923876
-9.226371 12.893814
3.958679 -7.058358
6.737206 14.058576
-7.221957 2.205419
9.279106 -9.650055
-9.516711 -0.401888
8.755209 -4.388371
-12.674331 -4.031892
1.947591 -9.441315
-4.147959 13.642730
-10.330501 -12.268883
8.137248 5.210674
-6.703525 6.114196
0.494166 -4.565205
6.428181 -1.905183
-13.400955 1.342145
11.409355 -6.018331
13.589618 6.720809
-9.265303 7.327244
10.941851 -3.718314
12.195575 -14.903687
3.162138 -8.325049
10.295714 0.340072
-12.786434 12.444176
-12.477541 -5.369269
5.190956 -13.093892
9.974234 -2.944493
1.012986 -13.039122
3.642504 6.797226
-11.900612 -13.687383
7.468806 1.959104
-5.363208 10.752719
-2.409251 -3.438183
-1.370550 4.643720
-12.240585 1.696010
4.322887 -8.108282
-4.178260 -11.500841
