-2.334772 -5.778790
9.617130 -4.693304
3.332398 12.347197
-6.218532 -13.223072
-4.443268 -13.226205
-6.025382 -14.583954
-12.618776 13.000302
0.401930 -10.031778
-13.789203 5.268841
-2.632025 -0.240987
-11.610993 -13.032273
-4.827856 5.571265
-5.509147 -3.902975
4.487278 12.225810
-3.600661 12.965526
-1.013160 2.381871
2.483959 -9.580827
-3.618361 -0.637182
-7.208428 9.292678
-12.792273 -13.084780
12.872250 12.095031
11.977236 -11.062481
4.405360 -6.823678
11.241571 2.181769
7.647550 -4.794167
5.049540 -11.987499
13.953487 1.656877
10.634714 1.131896
-7.918667 6.999809
8.871683 9.859472
8.565438 -5.248890
0.312947 -8.927082
12.293067 7.233625
-14.410372 -0.021429
-12.211166 -1.947415
13.422202 13.034847
-4.085308 10.143520
-7.387846 0.531375
2.354015 -3.575865
-1.353502 6.804725
2.113402 -0.719054
8.497005 -0.821195
-12.211663 7.858200
4.474733 -2.319571
-6.592993 -0.337576
-0.831443 9.770066
5.781965 10.778653
1.400620 -8.446373
8.265421 13.540678
0.813923 10.078472
-14.501157 -3.386898
-9.708932 3.800272
12.240112 4.405273
4.104991 4.243981
-0.840521 -4.260604
-7.590943 -10.295864
6.329752 -4.995989
3.515863 6.972301
3.485755 2.844568
1.135854 -13.553976
-8.136917 -1.356291
6.454802 -7.378550
-12.295138 5.329704
9.195129 2.558096
1.409629 -9.994773
0.257082 -6.393078
6.330324 4.701189
-5.890583 -7.359948
-0.388111 7.432188
0.446391 -2.946665
-11.194643 -11.974611
-3.049474 -13.601051
8.071057 -6.463647
-2.831716 13.867505
-14.860838 -5.750529
-10.336689 7.820602
1.606048 -2.846926
-0.302194 1.365712
-9.276405 14.467364
-7.241504 -13.346314
9.333518 -7.529701
-1.403418 3.372889
4.389125 -4.653688
8.301714 3.333038
5.370662 -1.610173
-8.500603 -4.559966
7.622472 6.634910
11.881586 6.104425
-1.683426 -1.000061
-9.069253 -11.248868
-6.826309 -6.830422
-2.742473 -7.400638
-10.807331 -1.125598
9.874014 10.151895
6.051978 3.469678
-3.659977 5.535229
9.558828 1.539461
-3.881449 -3.153849
6.426188 -14.906174
4.897015 -8.617114
10.445425 -8.255017
14.025616 11.486873
1.564727 4.472455
12.410091 -8.578150
13.224618 0.754702
-10.147289 6.222366
6.540776 -6.199119
-10.527820 -9.547422
-3.727348 11.837003
9.187181 -11.098967
6.768407 -13.203100
10.211775 -10.394148
-5.471589 11.681405
-6.465624 -2.331823
-2.807210 4.300673
-8.418029 -14.936580
-13.288305 12.154379
14.478595 -13.267542
10.588751 -4.225218
10.006933 4.594768
11.183402 -3.155007
-11.282466 7.440074
-1.894512 -9.471665
-5.845980 3.114392
-1.826362 -14.443833
-10.195428 -13.676603
-14.849101 10.193610
2.409657 -7.905285
6.746634 9.674542
-2.576039 12.620513
8.787377 -9.580327
-4.498085 -6.229798
8.637930 -8.258738
6.701911 -9.308249
-14.184401 7.433323
8.873648 -12.212004
5.447387 -11.051437
12.118366 11.360960
-11.700311 13.430308
6.284746 -2.189199
-8.068346 1.370300
5.910533 -8.369881
-10.699861 10.464969
-1.512811 -13.484224
0.024688 -1.623719
13.297665 2.431889
-7.522757 -14.469500
7.248454 4.221995
5.176509 2.031054
-9.509287 -10.310747
3.956222 -8.245137
-13.936662 9.771404
-4.278862 4.717377
1.348040 9.114057
14.702220 3.900819
-3.326694 10.886532
13.565620 -8.917910
-7.486096 -3.233276
7.241500 -14.223487
-1.525881 5.775469
-13.955688 -2.195234
-3.316152 7.088425
-0.800978 -14.780220
-14.680985 12.224578
1.930913 5.466642
4.739541 -3.540915
14.047643 4.793218
11.670256 8.024694
-4.434599 11.123546
-3.714251 3.683482
-4.445919 7.155354
-6.581675 6.120819
-4.808166 -1.975341
-4.677783 -8.634099
-12.516816 -6.348002
-14.845783 -14.185341
8.987086 4.975281
-3.990723 -14.466332
5.661732 -3.012324
1.359245 12.640808
-3.768120 14.445055
-9.803910 4.863626
-5.248723 10.268060
-12.871334 -8.276298
0.384056 4.704452
-14.712096 -9.057831
-12.204082 -3.745960
-13.919830 -8.408785
1.581296 1.613891
-5.032344 4.024434
8.722225 -4.043726
-7.508567 -4.380372
2.963269 -12.889318
-0.946500 -1.988078
-6.772395 -11.223438
14.029266 -14.414912
-7.086231 -1.247795
-13.231689 7.022372
-4.382800 0.385061
6.503233 2.248470
-8.847999 3.027910
14.092050 5.841848
3.726301 -5.505630
-11.045265 3.433927
-11.109033 -3.148147
14.679318 7.944566
-7.046328 -8.986517
-2.832511 -3.048992
2.960515 14.100165
1.238542 -4.050887
-14.315328 4.305724
-9.113602 9.376710
-0.759418 -12.696845
-3.198293 1.687272
13.272048 14.041116
8.243877 -13.669099
8.001552 7.662722
14.656003 -9.833049
1.876791 13.982283
2.087414 11.851041
-2.512289 -10.775703
6.432298 -1.165508
-6.069468 -1.349224
-10.979089 12.186940
-14.598375 -7.090951
9.965894 0.332763
1.939249 -4.784556
7.130187 3.085451
12.929378 5.588668
-10.400549 0.611247
-11.161305 -7.561189
-7.063717 10.284145
10.349904 12.457363
4.821017 13.216226
-2.316878 11.180658
-5.329324 -13.834577
8.021500 -11.382484
-2.673308 5.329264
11.536894 12.781037
5.684381 -12.910992
10.774686 -0.799812
-9.667060 -8.140361
4.321735 -1.317893
2.840539 -10.574974
2.891401 9.832015
-4.600186 -7.396239
12.989282 10.416403
9.178446 3.861874
-9.624895 -4.278932
10.910068 10.496390
-1.877886 -4.387621
10.830595 5.871972
0.537077 12.010248
5.630408 -4.175908
-14.570243 13.583457
-11.329973 1.096687
6.250633 -12.071632
-9.560398 8.475519
-0.283641 13.982518
-9.119952 -9.061220
9.297511 -14.378018
-9.451896 -12.873998
-11.195262 -6.293019
2.793500 -2.663335
-14.282251 -9.990908
4.993778 -5.520855
4.447802 6.186627
2.127669 3.159436
-2.967624 -4.090594
-5.380986 1.753112
10.093332 -1.589991
-12.822625 -12.049058
11.013835 11.672001
-1.451933 -8.011516
0.873270 -7.399962
4.321668 14.137281
-14.978433 1.942091
-13.362561 -4.372152
3.995448 9.182332
5.118901 9.964518
-10.102033 9.622658
-0.660314 -2.956780
-1.687204 -6.965593
10.179532 13.820584
-14.016768 6.286177
-6.288150 7.415645
-11.173689 5.295108
4.698878 11.061893
4.890163 -0.362793
11.404544 3.557619
5.270991 4.262519
-5.259231 -12.504261
2.539500 8.880575
-11.138713 -0.147470
-12.694566 2.809929
11.245398 9.022090
11.377932 -9.082651
-12.248725 6.611850
-6.126279 8.608773
-9.204278 6.819784
-11.109974 -2.136270
-13.808364 -6.428087
-14.283258 14.815886
1.110458 -1.741007
-5.038807 9.230514
-10.117351 -3.289006
7.973011 10.927861
6.225627 0.938346
-0.168606 -11.857276
-6.638712 -3.801990
7.151691 8.749907
5.748611 -14.158861
-8.452357 0.289693
-14.440776 -4.508335
0.934109 14.382641
-3.739219 -9.093541
2.427832 12.941002
5.496282 14.115142
7.747543 9.813910
-13.469771 3.526602
6.632181 11.706045
2.515282 -14.877642
-14.594204 3.037538
-11.647782 -9.462063
-6.217651 -10.290377
-11.933269 4.234840
-1.704950 14.135246
4.593134 2.867386
4.006617 1.893715
6.605830 -3.827297
-14.008976 -1.145077
-3.525387 -8.061886
8.386024 8.878434
2.585730 7.592952
-4.471840 13.673661
7.472939 -7.354813
4.037748 -11.191445
7.222702 -0.493704
12.331260 -14.136528
1.794805 6.927960
-3.800297 -4.894088
2.118798 -6.619397
-4.896827 -3.109589
7.539808 -10.420893
-8.071355 -7.100513
11.360965 -10.167782
-7.904571 -11.268243
-0.514127 -13.669742
-11.286748 -14.020805
-14.329202 1.018921
-10.001495 11.697360
9.302373 -13.212134
9.188073 7.285694
3.263044 -6.509513
-4.220535 -10.005665
10.354337 -7.096146
11.189630 -2.027037
3.537852 -14.943515
8.097833 -2.432791
12.249384 -0.032297
-1.503793 12.101366
-4.682493 -0.698504
8.236201 12.078347
-7.508111 11.192519
7.016113 -11.365576
0.561207 13.347808
3.104045 -8.787615
-13.055541 6.004464
-10.944920 14.364266
0.068580 9.306736
-13.141834 4.491785
-1.701216 -3.209242
12.990371 -5.860274
-8.701287 4.454324
3.885051 -12.498993
4.662793 -14.495596
-7.774393 14.226201
-2.529447 2.968221
9.008062 10.880279
-13.685090 -5.378656
-13.427952 8.207403
2.623182 -13.874070
1.509436 -14.790660
-4.460220 -4.114361
-8.516897 -3.402391
12.057113 -2.653708
-1.526667 13.121893
-5.008747 -5.029279
-14.409196 -12.943279
-3.566331 -10.971354
9.925457 -11.903447
-2.680339 -1.273583
10.201256 2.411915
-13.111355 -3.137888
10.161670 7.909259
14.941871 -1.347402
4.633124 -13.203068
-2.918539 9.953615
-6.069489 9.609775
12.725962 -3.698907
-12.165122 -7.343903
11.225157 6.973132
-2.445072 0.892298
-5.784037 -6.287732
-4.334268 8.150073
-0.281955 -7.348395
-6.157587 10.872762
-13.584364 14.079971
-2.135614 -2.227188
-2.089931 2.001847
-10.437532 -12.630626
-6.481262 11.841797
-10.208220 2.879260
6.607107 6.650540
6.771107 7.747169
2.668236 6.354714
-0.181522 10.541430
-9.227735 -7.159564
4.021899 8.119455
10.373652 3.616007
2.775920 10.992003
3.916176 0.655531
7.433680 14.249282
-0.397573 11.610891
-6.942207 -7.905631
-8.693477 -6.024537
1.116133 6.163975
10.338444 -2.568701
0.172870 -4.048627
-9.194134 1.101101
-9.188512 -1.234545
-9.322050 10.494369
13.713993 7.327935
-12.881025 -1.139998
7.439792 1.840710
7.417774 -1.579372
-12.281150 1.579282
10.253521 -13.603769
-1.819881 9.926857
10.069743 8.919529
-9.972374 -2.287018
10.371001 -5.372322
-5.329257 7.940992
12.884096 -7.599850
9.963330 14.857160
-6.721466 2.174832
5.770365 7.349683
-3.589380 -2.028434
3.079418 0.063756
-0.216897 6.433759
7.125966 -2.746726
-8.719657 7.750509
5.643565 -9.616416
9.566239 -0.698573
5.826516 12.984400
13.410371 -10.044856
-1.635583 -11.827987
-0.499626 12.950357
-5.465149 -0.051472
6.239609 -0.148260
-10.502329 1.807858
12.406267 -9.800680
-10.337342 -11.314733
11.288138 4.872570
3.363051 -4.522865
4.705807 5.214260
-0.728895 8.450707
-11.496407 2.371754
14.277959 2.791628
14.244301 -6.878660
9.226243 8.286789
11.060356 -6.338407
7.697914 -3.748026
3.732736 -3.553688
-12.183607 12.057263
1.036368 -11.950413
5.560868 11.960282
2.643399 -11.658875
9.053650 -1.826203
-3.270781 8.233395
-0.493715 5.378735
5.966091 9.024837
0.756860 3.761906
-3.603281 -6.889706
-7.510231 -2.179369
11.768369 -1.054285
-2.613658 -8.768275
12.644065 -1.537963
11.742574 -5.494834
13.012680 -14.923444
-7.535176 -12.205409
13.296930 9.393528
9.577287 5.801501
-11.178247 -10.371866
-4.355305 1.664322
8.925056 0.563283
12.079811 -12.938747
1.535271 8.015033
-11.064992 -4.317650
-14.437914 8.595503
-9.627456 13.082665
-6.326332 -5.434598
1.745679 -10.968477
11.919860 10.348037
0.061994 2.699573
-8.071260 -8.914107
-6.521264 3.904816
8.148487 -14.690140
-14.918048 5.623464
8.486370 1.601169
-6.283624 -12.217756
-3.434573 -5.883120
2.453779 2.170404
-12.135172 14.572697
14.026087 -12.332308
-2.351835 6.365137
13.591929 3.833004
-12.404449 -14.222874
-10.348824 -5.226136
-0.841044 -6.333864
-8.665514 -12.238206
-8.152534 10.091743
10.350388 -9.386927
1.930060 10.196349
3.584838 -9.832179
0.650644 0.758889
-2.279261 -12.806848
-13.871612 -12.099938
-2.191948 8.866302
-1.199787 10.877041
12.306527 2.208254
-3.585103 2.676691
3.082569 -1.557602
6.505311 -10.466786
9.654983 -3.389361
-5.422091 6.485406
-6.285326 0.986872
5.203684 0.697570
11.465093 13.838869
-7.701126 2.686298
9.083106 14.198711
13.641033 8.383762
-6.507348 14.250417
-13.212879 -7.263883
2.021942 -12.543086
-12.799993 10.883753
-11.844419 -8.413897
7.506928 5.338817
-9.287946 2.125748
13.113208 -11.005335
0.389090 -12.831906
-10.705418 -8.456038
1.252382 11.007685
-8.585386 -2.364179
-1.865882 7.872067
-6.900592 5.152347
-13.098884 14.961842
11.012684 -14.716596
-13.761986 2.396544
-2.731346 -14.941587
-6.910255 12.785658
3.912967 10.344282
14.412807 -0.401756
-11.863870 -0.946845
5.388991 -7.475118
-1.306371 1.334500
6.926128 10.745264
-1.749381 4.380334
9.270408 13.044765
-11.767796 11.105431
10.864912 -11.323705
-14.897384 -10.831583
2.585930 -5.649809
0.803025 -4.951864
14.139610 10.409035
-12.535060 -10.039010
3.600973 13.312262
-0.240961 -5.408269
-8.412197 -13.615285
-10.650593 13.388147
12.442867 13.437060
-5.066120 -14.927936
-8.569318 13.571574
11.099204 0.219131
-11.970130 -4.897029
12.032211 14.777388
-13.384669 -0.234863
0.908133 -0.390044
-8.532905 -9.871700
-5.832382 4.761023
-0.603309 -10.135474
11.680211 1.119134
-4.332260 -12.127544
-1.624529 0.285259
12.102600 -6.910790
14.155954 -11.304936
11.503500 -7.906063
7.826763 -9.105834
-7.692816 4.100349
3.772104 -13.790544
3.003045 1.257381
14.418745 9.359390
-0.929055 -11.100315
1.951685 0.486805
13.764244 -1.616670
4.608988 7.232141
-3.119481 -12.098599
-7.729195 -0.441784
3.113598 5.318341
-12.095448 -10.945129
13.101158 -13.010233
7.781527 0.544814
14.153193 -5.527194
-13.248515 -9.326195
11.268949 -13.667693
4.647010 -10.221479
9.564388 -6.105216
-9.443714 -0.072619
-9.716322 -6.167219
-11.538919 9.869287
-4.695778 12.474823
-7.756432 12.177620
-0.761932 -8.739210
-7.364575 7.845517
-12.529037 8.840928
-0.443929 3.967393
14.672640 14.677877
13.888658 -7.906711
-7.445243 -5.970765
-13.365695 1.463561
14.579856 0.704302
5.521940 -6.417619
6.619612 13.665432
0.494036 -11.062672
10.986712 -12.679486
10.241104 6.715832
-5.789126 12.766919
0.349747 8.123138
11.838104 -4.257999
-0.339565 -0.637994
5.013142 8.547558
13.071026 -2.603664
-9.194360 -14.262794
7.059701 -8.352112
2.097320 -1.908926
14.803964 6.697077
7.274990 12.907508
14.396243 13.267504
13.246350 -0.657193
13.995538 -3.177255
-5.199299 -9.520840
-12.680125 0.480036
-7.916001 5.116382
-8.927092 5.520882
-8.603591 11.228716
7.838632 -12.667735
-4.896842 -11.273893
5.813710 5.741910
-8.161836 8.785706
9.643074 11.706146
-2.954371 -9.761268
-1.388538 -5.387650
-10.062092 -14.809499
-8.621014 -7.978477
12.606594 8.413880
-4.753095 2.695265
-12.558034 9.876959
-14.974199 -11.903697
1.080979 2.695353
-13.614397 -10.923419
-3.379522 0.476992
3.711153 11.367425
-13.794393 -14.017992
8.607751 6.461412
14.954580 -2.409164
-8.829946 12.397914
2.946407 4.013610
-5.871280 -8.706557
-11.192972 6.390450
0.557925 -14.428508
12.516107 3.321986
13.850031 -4.523986
1.372141 -5.942390
-11.534872 8.694051
0.619631 7.050159
-13.791776 11.206484
-3.780720 9.128860
12.724019 -4.788128
9.505530 -8.780280
-10.242826 -7.103373
