9.809426 11.006432
-2.829736 8.338046
11.755025 0.247042
13.282426 -11.170598
-9.544275 -3.667519
7.337623 6.710562
10.905292 0.814936
-2.663035 3.887200
-5.538237 3.683782
11.903996 11.631074
-7.998697 -1.642524
-13.016603 0.223239
-7.825021 4.740962
8.063344 3.729998
-8.829027 6.470059
-13.425086 -11.560113
14.458427 -2.683865
-1.172758 1.915832
-14.141926 -8.860036
8.132518 -9.100633
10.084970 -7.933923
-4.450608 0.568003
9.857369 -4.854587
9.511079 -5.969198
-7.853179 3.672735
-12.052854 3.571765
6.643516 -10.864942
-4.545030 -4.704127
-14.392029 1.575871
-10.855624 -9.414536
1.516137 -14.417869
6.475943 12.906607
-6.469166 -12.244195
4.098928 6.548533
-1.667880 8.388005
2.569342 -13.895653
-12.952103 -10.601670
-9.924238 8.254422
-9.439650 -11.074188
-1.596991 4.143849
6.443665 0.531845
3.485613 -13.201953
11.303833 -9.852598
9.688399 -1.263480
4.695111 -6.457552
-7.699282 10.054603
-13.395765 13.236918
-13.192038 12.078207
-4.127182 12.406542
-4.233381 -7.324798
6.922721 3.181402
-12.347640 -12.249086
-10.518980 9.123673
14.101757 9.055754
-8.555924 -11.566160
-12.655612 5.093768
1.668668 8.983320
-4.967330 8.246960
6.447023 8.584720
4.388414 7.813232
-6.539290 -4.185889
-14.898536 14.597230
3.691728 0.468568
-3.886929 -13.602538
-13.414610 2.359437
-8.936501 -0.408632
4.655978 -8.568657
-11.516788 -3.702333
9.957814 3.824163
3.863493 5.576264
-14.627268 -13.225764
-12.173019 -1.875078
-10.732376 7.090547
-0.625251 -4.608925
10.695749 -1.605981
12.758194 0.168768
-1.836247 12.463563
-5.354348 2.404657
8.538625 1.590907
4.508125 -14.984038
2.514032 -4.286810
-1.296579 14.266130
-4.665744 -3.352147
-0.721505 -12.534710
13.929281 5.485499
6.916354 -3.921023
-13.734882 6.311578
-11.077386 8.040725
-11.588436 -0.145895
8.901880 9.083907
8.918271 3.153354
-8.600514 5.415329
-13.560396 -8.002877
0.483039 -2.788314
7.549308 10.743088
13.441078 6.755623
-9.703529 7.260786
2.493902 -10.476455
-2.718375 9.585072
-14.196916 12.341381
-2.493270 11.637116
13.183473 4.693617
-4.768300 -10.388611
-3.242120 10.862805
4.310363 -11.560462
3.985251 -1.647299
3.534770 8.564122
10.557252 -6.643611
12.983765 14.852335
-11.209601 0.836013
8.179846 14.172790
10.867323 2.749955
9.175667 -10.151688
-12.045866 9.348995
-8.797816 -12.602612
4.359659 11.705889
3.120100 2.095593
4.408277 10.682480
-11.205240 12.447999
2.362186 0.029484
11.349950 -13.909369
0.019012 -5.459444
5.000284 -1.480927
12.379839 -4.877725
8.619182 10.955687
-8.410956 7.387311
9.834043 1.503724
1.411537 -10.631670
10.723871 4.622748
6.463948 -3.001056
1.855005 1.833872
7.425880 -12.885099
1.013220 14.692923
-9.553224 13.796746
14.812394 11.554249
14.721171 -9.021458
-5.848621 -10.339083
3.605623 -6.175466
-6.321539 6.001542
5.562979 12.424282
7.243115 -2.297539
-7.504845 9.028236
2.691358 12.204631
-6.011104 -7.935726
0.931453 -13.421875
3.350819 11.283902
-7.938217 -0.489621
12.177737 9.133622
3.667166 -7.252652
7.063291 -8.687410
-7.596708 2.062044
-12.383538 1.378400
-12.071793 -11.236711
1.769801 10.007747
-12.315190 -8.096109
-3.941988 8.829161
-11.872206 -9.050790
10.212410 -2.787421
7.069629 9.760783
-2.031321 3.044693
-0.580536 10.217067
-3.941153 -12.413542
-13.049933 -9.542416
-6.845213 -9.820189
-8.780614 -4.327799
-10.572721 -5.460425
-11.286392 -2.669297
-13.391504 1.257650
5.659690 4.345962
-2.778714 -6.988050
-14.909630 9.246760
-10.060132 2.758821
-1.795596 0.903730
14.212917 -4.855844
0.379842 -12.438088
5.836123 -8.896669
3.762049 -3.889378
-14.101291 9.908544
2.445709 14.547555
-5.528517 -6.979231
6.544086 -5.286494
12.535075 7.699854
-8.504992 -7.285332
-9.442101 -5.380376
12.652069 -14.072768
-14.936837 -8.046057
-9.915440 -13.139512
14.216595 4.370115
-12.054709 13.923182
-9.745846 12.796631
3.424781 7.418113
8.519203 -5.707655
14.535239 6.919379
-3.046226 -0.432275
-12.431964 12.904529
-1.570658 -13.309986
-11.647242 -10.184981
11.559267 12.623119
3.067694 6.409833
0.831740 -1.450311
-7.416987 -11.767367
-3.013151 12.515898
-13.419705 -3.510878
-14.955873 -10.004848
-5.463070 10.352677
-0.551739 8.022199
-11.321120 -12.130687
13.302832 3.545881
-4.667813 -1.824072
3.644436 -2.837826
-6.115746 1.738295
11.328745 -8.727512
-6.481018 -0.624031
-7.878424 11.304635
-2.222834 7.464323
-13.516068 -12.596237
1.505372 -4.994791
9.010611 -3.623724
-1.283879 -3.501914
14.889041 5.950311
0.254234 4.826116
-10.163914 11.882788
0.173371 0.455785
3.992567 -9.451669
14.702890 -1.449859
-9.678432 -12.113048
-4.978920 -12.733708
13.954323 7.976793
11.723990 -6.757856
-11.065231 13.542066
-6.427821 14.710938
4.541559 8.827050
1.299539 7.965827
-10.973804 10.100244
-12.794371 -7.194711
-0.315646 -13.746915
7.447417 -6.087884
-10.673551 -11.217568
-9.088266 -1.487687
1.832744 -9.721862
-1.278995 -1.577718
-4.781265 9.614301
-4.178617 7.404222
5.843480 -4.402378
-4.482733 1.656657
-10.273612 1.467058
-6.677970 -1.743957
14.856534 -14.223366
-4.930764 -6.046732
-5.480901 -9.069816
9.484025 14.235777
-3.647196 -10.726784
11.510023 -2.438102
7.337328 13.618630
-11.024664 2.158980
4.556414 13.301061
11.008774 -0.578145
-6.754618 -13.977802
-10.486686 -7.331774
-6.724715 -10.982150
14.709125 2.221274
-14.298310 -1.712882
-1.041087 5.893083
5.309128 -14.189649
-7.711133 6.643709
7.819513 5.747427
6.590054 -1.528663
-6.631234 9.772865
6.528664 -0.475516
3.730975 9.561644
-0.026589 13.851376
13.723381 -14.370197
11.756098 -1.289883
6.142239 -13.311367
-2.619408 -5.975233
14.292873 -13.083069
-13.512653 -0.768223
6.396595 -12.073521
9.466883 10.012017
-1.917327 5.287445
-8.612612 9.482391
-10.284024 -4.457300
-0.212691 -14.878039
-11.284831 -1.404410
8.395820 12.921107
-10.940031 3.497312
-11.133710 -13.962466
-10.798460 6.081607
10.123757 9.250380
-6.436189 7.387343
-6.267251 -5.948421
5.494064 -3.459350
13.097614 12.745193
-9.471921 -7.602532
-3.761947 9.867280
-14.867548 -6.759356
5.744411 -2.258499
-10.630972 4.503697
3.966678 1.558140
-14.135828 0.391759
7.787557 -14.788692
7.689138 8.929477
10.856981 14.764465
10.586557 -5.579974
4.323805 -12.593235
-14.153527 -14.545360
-3.026487 -11.849473
-1.694368 9.694471
-12.627800 -13.826949
-10.059823 -14.200773
2.968460 -9.519389
11.941670 14.870559
-0.353588 2.615992
3.717537 14.002915
9.080821 -14.638557
-4.102954 4.141333
-5.316727 1.099201
11.120353 -7.669070
-1.133550 7.001173
2.750027 -3.286872
2.541049 -5.290618
3.930746 3.104265
7.416138 -11.830767
-9.907374 -6.394596
-5.058101 -13.732867
-11.743256 -5.749528
9.959372 -12.533138
-8.767872 4.235199
9.957113 -0.016982
-14.607154 -4.240082
-0.705158 -2.638308
12.408126 1.295809
-2.567799 -12.882755
-7.821778 -10.783852
3.757773 -5.168545
13.549442 1.108021
-8.553362 -3.125361
0.938441 6.589487
7.032351 1.618174
8.744028 -8.069388
-3.681615 -5.702357
12.250190 -3.831889
-14.798531 -12.223877
12.247753 13.535104
-3.265030 14.609509
-13.668509 4.477499
-8.739750 13.159111
13.086973 -3.215319
13.747190 -9.324475
3.539313 4.146682
-6.877546 12.993063
-12.186447 11.934417
2.599233 4.730811
-14.432981 -3.163913
13.896902 -12.044649
-10.374603 -3.093267
-13.135749 10.943270
-5.987868 12.475217
8.072447 -13.665656
-11.301432 -8.188583
-6.607151 -8.778886
5.467913 14.722016
5.113954 6.926538
-9.647596 9.880719
-10.422680 -2.020603
-4.412253 3.104991
-4.275015 10.942444
-3.395069 0.788708
1.697391 2.986152
5.514752 -0.444172
7.502596 7.751134
0.380908 9.720975
5.432190 7.906292
-10.367280 0.215665
12.424638 -12.052092
-8.752926 10.684220
1.059273 11.795433
-0.061092 -3.740512
-12.509632 -3.955452
6.832342 -6.882542
14.213880 -10.665928
-0.123728 -8.746798
6.052829 9.581853
-7.390898 5.643938
-0.257975 -7.569827
-1.056582 11.287479
5.256345 0.851457
-4.750974 14.299765
-1.323121 -10.534402
-13.286443 3.403923
11.060186 -12.766566
-6.024305 11.282017
-2.633236 -1.808498
12.263390 -9.312600
-12.734895 -2.750756
-14.762753 13.463321
-2.359923 -8.311160
6.973542 -13.928290
-0.619223 -9.804938
-10.193858 -10.251309
8.010107 -10.784459
-11.250510 11.448210
-7.779829 -13.850610
0.163880 11.146343
4.352969 -0.565965
-10.965377 -6.389614
-1.309740 -5.507156
-4.287106 -9.495130
-12.634119 8.117256
0.561292 3.815406
-0.705902 9.207440
13.137822 -13.094579
2.274369 -8.711069
-14.260214 5.410261
8.598591 -4.651063
0.556465 12.862159
-7.244459 -5.345757
-7.510899 -7.699434
6.230934 5.225495
1.951131 -0.925529
0.254237 -10.297268
1.967287 -7.262331
9.260181 -13.577605
3.641097 -10.394242
-8.293687 -5.218848
12.931922 -10.135827
-5.036008 13.050987
-7.726917 -6.261091
-10.288433 -0.888630
8.790624 0.509379
11.488808 7.569569
6.475483 10.645510
-9.588809 4.872781
-3.747786 -4.074673
2.589025 -6.340071
8.102835 9.885855
8.018541 2.590116
-2.782975 -4.902268
1.432033 0.686488
4.686970 -2.614884
-6.936145 10.737676
7.233855 -9.741921
11.267235 -3.473270
-13.849311 7.351410
-3.151391 4.869666
-14.058214 -5.964229
-8.826473 -13.611567
-14.745784 -0.557435
8.239033 -6.955325
5.348639 -11.280032
-6.005138 13.535015
4.924981 2.211050
1.226320 -8.871277
11.356524 1.787543
-1.550964 -11.857806
13.742763 2.486879
14.645375 1.074426
-4.440416 -0.763125
2.103152 6.000514
-2.622941 -3.649201
9.413148 12.009614
0.594093 8.720090
10.868655 11.061130
-14.677619 -11.053435
-7.453870 -2.920662
5.332824 11.235064
-6.165569 -3.136485
4.659880 -10.476974
12.003399 -13.147266
-13.906193 -10.091420
12.245483 10.199886
1.576958 12.673954
1.544906 -6.336326
2.070935 11.091265
14.133595 -7.625188
7.749702 0.584419
-9.071814 11.803692
8.558625 4.611143
-8.226022 14.060009
0.465355 -11.323940
7.340907 4.542695
1.462464 -3.858299
-13.515145 -4.560646
8.343160 -12.400577
-6.836472 11.927724
11.859874 4.767007
5.750979 13.673961
1.268282 13.627363
0.370040 7.574022
9.624611 7.191492
1.914891 3.996324
10.379599 -9.373375
-13.827408 -6.938856
-0.185092 -1.601706
-5.297871 5.667327
-1.893760 -2.686095
-4.693682 6.523898
-13.075514 9.618172
6.632575 14.367324
5.812671 -10.242269
0.566213 -4.551027
-0.110778 6.440623
10.590336 6.883722
13.362298 -0.939366
-14.702051 4.429317
7.613905 -0.413299
-8.223030 1.061803
3.220590 -11.828938
-14.827909 8.180315
-7.498691 -14.999428
3.616704 12.642793
-11.776781 -14.776067
-1.248188 -7.988610
8.853990 5.678469
-6.001201 8.820645
6.417270 7.438528
-13.019116 -14.794004
-6.290306 4.844974
-3.682660 2.374531
-0.786692 -0.431549
5.727259 -6.243145
-3.107191 -9.071230
-9.498207 14.848393
-5.471019 -14.722677
-7.978258 12.442602
-7.189987 13.955357
9.831573 8.233590
-9.437379 -2.457389
11.089242 -4.678525
14.527648 3.288681
-2.441146 13.511158
9.847600 2.750858
-5.960542 -13.117896
-5.331151 0.004883
-13.662424 8.411623
-7.601772 -8.937442
-1.416097 -9.090197
5.849697 2.739275
-5.550199 -2.342447
-7.327550 -12.848433
-8.946157 8.482884
0.523214 -6.647732
10.181475 -14.043873
8.019910 -1.400183
-1.155806 -14.369549
8.683455 -2.164873
5.113399 3.446277
11.239545 8.677272
-0.905920 13.244443
1.431283 -12.452344
-5.719777 -11.398166
-8.818843 2.107840
7.693593 12.043395
4.950938 9.787213
10.016661 6.053297
8.564933 7.756071
-13.779057 14.268818
5.047808 -9.542344
-14.267459 3.168436
-10.629982 14.851938
-11.790512 4.553424
-7.246141 0.740963
7.654020 -5.006458
13.043047 8.590244
-4.082238 5.610421
-2.575345 -13.945972
2.487830 -12.578539
12.279674 -10.964884
13.923043 10.727690
-2.406280 -9.814862
-7.430277 7.647234
2.341528 13.369904
-1.971734 10.762480
-6.403619 2.713215
-12.021415 2.454938
0.683705 1.439002
8.615142 -0.560140
-13.251504 -1.799726
14.101506 0.132384
-2.497541 -10.898894
-3.672054 -1.642513
-1.625396 -4.457436
14.214462 -3.833109
9.767967 5.010086
-8.830627 -8.604619
9.111885 -11.497258
-5.891118 -5.005358
14.933583 10.485652
5.311843 -7.293867
4.717502 -4.201383
-12.009037 10.530443
-6.727245 3.758791
6.025714 1.699030
3.214443 -0.667695
-9.750379 6.005262
-0.327763 1.366673
-12.363393 -0.864349
-10.057951 -8.526260
-11.408316 -4.761488
2.900750 10.301146
13.317074 -4.342627
5.075132 -5.431977
2.458674 8.221235
-12.528921 -4.957375
8.668299 6.665086
11.100841 -11.443678
7.898792 -3.151157
1.356749 5.168413
-5.529025 -3.921888
-9.747987 3.864294
6.480753 -7.843605
-0.643178 3.581335
3.365196 -8.307845
-1.742224 -6.848133
14.244727 13.270198
10.305632 -10.707049
-6.246027 0.708399
4.619786 4.814536
11.625482 -5.623241
3.540422 -14.720816
9.493601 13.093888
13.356181 13.798459
11.956559 2.673297
12.531045 -2.162558
-7.604453 -4.151350
1.651075 -2.335529
-8.812101 -6.261288
-2.451267 1.698807
-14.124671 11.125658
2.939769 -1.781098
-12.875118 7.100239
-14.956072 -5.458445
-4.762405 -8.276160
5.431751 -12.504287
-3.585418 -8.151303
-12.846290 -6.146726
2.816991 3.368083
13.566044 -2.096843
9.496828 -7.024598
0.680816 2.583136
14.011014 14.631597
-11.708376 -7.074403
11.026908 13.703519
13.177278 -8.463827
-9.354858 0.686538
-2.210165 14.998727
-3.308277 6.844664
-0.654782 -6.370307
-4.368582 -11.470954
12.513395 5.694954
10.346685 -3.944366
11.232733 5.963572
-0.356920 12.323866
12.124915 -7.893558
-11.775766 7.075093
12.934851 -5.724742
-3.960269 -2.628092
-4.076383 13.498991
12.000474 6.656871
13.032314 11.654709
5.086096 5.711822
13.117956 -7.157869
-1.992397 6.467643
-9.211651 -9.922755
-11.773792 5.653704
-4.427436 -14.556562
2.737142 9.282248
5.978725 6.252557
-5.555015 -1.115647
-1.996275 -0.666355
-8.540643 -14.841942
-9.882556 10.880570
12.298332 3.714267
-11.763239 -13.143110
1.108887 10.790338
-0.557340 -11.506282
10.881402 9.958601
11.257766 3.712797
14.222190 -6.045814
7.738035 -7.845755
-8.883849 3.141386
2.865296 1.121751
2.046798 7.177767
0.903615 -7.924184
6.599073 11.662369
10.466437 12.383489
-8.188985 -9.847751
-5.444499 7.248107
-6.546901 -6.998657
-5.043226 11.922287
13.990526 12.284213
9.222370 -9.026605
-0.784413 4.783032
2.070595 -11.400559
6.257364 -14.640733
