-14.286055 8.477746
-12.605028 2.358834
-2.437570 5.106328
6.611109 -8.385897
-5.590324 -12.359799
-3.374129 13.611438
10.690481 5.398708
12.113374 -0.735630
10.039622 -2.423203
4.086545 2.185918
-1.661230 11.077816
-0.991691 -2.956761
-14.237210 -14.814191
-3.059646 3.688792
-6.029759 4.411686
-5.315709 8.053708
-0.511288 -8.636060
14.521762 6.792367
13.927640 12.926180
-3.133787 -13.039525
-9.250822 3.412640
3.677779 12.028993
2.292409 -10.977719
-9.040009 -1.812906
12.829465 4.556368
13.970053 7.974302
-2.662644 2.430116
-7.617326 -3.060210
-10.194128 8.503117
-14.896011 3.568247
-5.425339 14.227266
-2.291980 -3.047763
2.908302 2.473819
6.126121 1.139359
10.431686 -7.933501
-0.751383 -14.875472
7.120888 -6.418845
5.011190 1.724544
0.830426 2.549260
13.404291 -3.282630
-8.032447 -14.289154
7.588260 -10.900834
-6.080654 -11.158809
12.588137 9.168948
-10.628420 5.743333
7.445643 1.682561
8.074664 7.599894
9.235272 -1.367085
-2.920472 -0.808683
13.713156 -14.209500
-10.627268 -13.117597
6.836061 -12.764286
2.910070 -7.577183
-9.836146 5.073593
7.333691 11.222004
7.207056 8.137939
8.401711 -3.564650
-4.983034 -9.096922
4.331740 -1.586324
-4.898281 -11.227443
6.471510 9.450811
-3.231882 -6.477867
13.702511 -6.335670
14.818677 -10.554950
2.613826 11.875003
-11.903151 -13.008904
-6.114853 -4.227908
2.532671 -0.625542
1.997509 -5.851890
-6.826082 2.710956
13.470431 -5.348737
0.233748 -10.554244
9.669001 11.281407
5.977840 10.802617
-0.667361 -9.807524
-6.936715 -8.218866
-11.838893 -14.913685
-1.103856 -6.989155
-11.904654 -3.650338
7.288957 -2.803701
12.461969 -11.146156
4.599906 8.913846
-7.467781 -9.192095
-13.602870 1.816446
11.791872 1.999704
12.957376 -7.360937
8.362711 10.203655
0.883423 11.883880
8.564112 8.479345
-2.732885 -11.854073
12.690531 1.459816
-13.012241 14.789745
6.233838 -7.456426
13.435933 -10.335150
-2.674882 14.354576
9.102937 2.669785
10.436741 13.393276
-8.444893 1.173678
-13.175594 -13.097682
-10.692932 -3.950290
3.824654 8.129249
-13.244399 -2.201994
-11.506302 6.224170
14.055703 -7.314662
-7.658235 9.565753
13.634134 8.959450
13.155691 2.470473
11.548253 6.014921
-6.354282 13.807392
2.740955 12.918978
-4.545933 -5.390541
0.955822 -6.492584
-10.128322 -1.353192
9.652151 -13.560563
13.599764 -8.382668
-10.046795 9.763417
8.165660 0.182117
14.662604 -5.623959
6.505739 -4.570110
-5.804827 10.627728
5.576674 2.605674
-8.770580 7.666452
-0.812202 10.256611
8.112405 -8.393081
14.683058 2.291261
13.126091 3.579733
4.396298 -10.221005
-8.075070 -1.060859
1.294200 -10.480677
0.295463 9.443033
2.859033 -8.992419
-11.465632 -8.960675
-6.757259 6.847552
-1.447382 -9.024138
-5.585361 6.900411
-6.859343 8.109740
-14.511617 -4.896594
0.252188 -14.945249
9.861115 3.418030
-2.819424 -10.473167
-0.144430 -6.525754
-3.539522 7.881022
9.974178 6.819312
-3.609662 -7.517008
13.849107 4.402729
-10.313280 3.060915
-8.660562 6.622252
-1.347799 -12.168183
-10.190961 -12.113341
3.640385 -8.364668
1.487114 -4.946488
-3.178401 10.758692
-13.324712 -7.849283
-2.260444 10.255351
1.160547 -13.058187
-9.518569 1.413303
-9.965271 -2.380080
-12.178006 4.868537
14.897339 13.335948
8.550126 -14.972262
-8.480513 -5.312985
-6.794950 -14.158139
6.679717 2.403015
9.079883 -2.780247
-1.103579 -5.807382
-14.536315 0.289904
-9.353110 -10.103047
6.426890 7.501764
-8.157724 12.742246
-2.241987 13.284376
5.500861 -2.965409
-4.586990 -10.035641
-13.991680 -3.764792
9.841400 -8.884481
14.714278 5.056397
-1.355934 2.372991
4.220626 -7.261598
13.257661 7.084934
6.808408 -11.719568
11.000386 6.991799
14.411982 -1.217701
-13.517702 7.671265
11.950331 10.260837
5.066738 -5.323362
8.234217 -6.059306
-4.169208 10.606254
9.887984 4.565645
-11.273752 -6.793685
11.756957 11.282149
2.335306 -3.634450
4.179334 -6.131793
-4.526281 -2.987104
2.168185 -9.980444
7.542353 -13.630638
-7.062428 -13.117656
11.878221 -8.797903
-8.955598 12.011334
4.002726 13.089105
3.761823 3.923504
-8.529806 -8.857036
-4.243330 -13.169971
-12.608144 0.954739
5.295596 9.844680
10.554387 -14.861659
0.896357 10.555750
2.089885 3.288813
7.743363 12.192659
7.680832 3.972538
14.422222 0.483575
5.600435 -8.683886
-5.224045 -14.373650
-11.488006 7.557174
7.448624 14.357877
1.024314 -11.604972
-5.680021 -5.166024
1.481944 -9.028291
8.403560 -4.823321
5.382340 -1.906052
-14.701611 -6.862933
-5.631605 9.369235
2.499124 -4.919614
-9.771180 7.565392
0.136102 6.265952
0.700277 3.669593
4.701176 11.203326
2.330187 -1.789428
-0.643907 8.997176
-3.870216 -9.181935
-0.846592 4.998430
-11.591526 -4.654214
-1.938105 9.181893
7.898598 13.331559
4.265776 -0.400174
-7.673692 6.188311
1.809499 11.171326
-9.620885 0.190481
-0.514463 11.392800
-6.952906 -5.124544
-9.052509 2.310689
-0.461896 -1.701860
-12.464296 8.026378
6.898238 13.356369
12.725208 -14.491623
-7.620932 -6.170423
-2.325148 -7.535271
-8.329537 -9.847953
8.419332 4.797545
-2.121550 -6.390815
1.252109 -14.164824
0.315631 8.313021
6.362928 -2.385152
-9.163619 -14.761265
-9.083535 -0.679100
4.869531 13.836989
5.750433 4.868097
0.500374 1.467565
12.980490 -9.191834
5.628509 8.543493
-7.011580 12.578770
-0.005240 -13.684321
0.251751 -5.536550
-10.514826 0.916097
-9.782172 14.088996
-4.185525 -14.252484
-11.826660 -9.982241
9.556468 -14.596356
-12.359468 -6.210654
-14.957786 11.169151
3.333885 -5.481250
-5.007543 4.846473
8.724052 -13.944433
2.338093 0.527417
-10.417710 -8.523735
-4.411542 5.762542
10.728834 11.082783
-1.656630 14.208274
-12.274182 -1.316735
14.013428 -11.258814
3.166858 -6.536506
-11.058949 13.847881
11.890805 -5.139926
-3.466048 12.304318
5.184289 -13.290658
-10.640939 6.951939
-3.170163 1.279168
11.210162 1.128954
-6.814516 1.069105
3.367182 -11.868761
-0.950832 -10.780756
-12.909398 -10.825786
-14.630688 -0.756441
-11.536513 0.523875
-11.534877 2.637967
-13.703802 -9.993624
-9.686555 -4.794562
2.303509 -14.628150
9.842194 14.312369
8.238442 -0.893757
-6.848558 -1.771346
-5.784560 -1.875144
8.641967 1.664431
-7.879613 -2.082625
5.355711 -11.342989
7.688217 -7.257027
-4.873767 0.759458
3.443639 -9.859632
3.566262 -14.863813
2.988043 7.357328
5.587016 11.729041
-3.861475 0.375010
-10.944227 9.253573
9.709527 -6.215573
14.014913 11.399120
1.826832 7.144619
4.067893 -12.985429
5.601567 -4.021952
10.454718 1.827116
-6.495646 -6.049557
-10.928760 -2.657750
-6.805494 -10.383540
-12.348143 -13.926587
-13.799439 -8.987339
-13.077663 -5.255030
-4.808222 -4.363853
-8.873725 10.029667
11.134179 -4.454127
-4.761166 2.548739
11.068636 -2.335982
-12.326664 12.000115
-0.629183 14.121715
1.977568 -6.889465
7.865917 -12.676657
8.379265 -11.816296
-3.016478 -14.275356
-14.271642 -11.237770
-13.817240 5.322055
-14.387647 9.518909
-12.859817 -4.267873
0.376921 -4.521381
-8.634981 -2.801684
8.953497 6.901646
11.896419 -1.712402
-5.492640 5.802412
-8.021711 -7.911198
3.472635 -1.073543
8.983825 -12.715563
-13.496973 -1.152413
14.066049 -9.340716
-1.896330 4.180233
-0.639107 1.485018
10.951065 9.311705
-6.911339 -0.012115
4.558574 4.923998
-12.156385 -2.458042
-3.384953 -2.957069
-8.280438 3.736726
-14.411725 4.466173
12.894503 13.221794
1.138275 0.433766
11.145281 -11.644148
6.473023 -9.418750
5.812093 -12.448313
4.850465 12.489320
-8.704694 13.652397
12.858853 5.645071
-4.981352 -0.342140
-13.338208 6.587377
-14.158916 -13.352626
5.597727 6.512721
10.688074 -6.846062
-9.581067 -11.252158
1.576203 -2.480200
-13.332595 4.256546
5.716116 3.615317
-11.764543 1.624819
-2.078228 7.515651
-11.661135 -11.010686
8.844733 -10.759130
9.306178 -5.289858
-8.563285 -4.174947
4.622564 14.808166
10.903286 4.205840
-2.060328 -14.849985
-1.931318 -12.995826
-14.974254 -11.963855
-13.997393 -5.960299
9.462254 -4.182189
-8.998530 -13.565852
6.705339 4.477001
14.996981 -14.060367
7.842340 9.275733
5.316967 0.483863
12.179097 12.391533
10.975691 2.979793
-7.174178 -7.143860
10.497907 -3.387002
-3.397242 -5.438150
6.812326 3.468687
14.627268 10.125831
-1.591171 -13.954490
-1.499484 0.274705
-4.332275 -6.475669
-0.298944 -3.713689
-7.804533 7.366934
-11.206920 -7.792738
-0.652134 -4.799748
-1.063541 3.406130
7.325646 10.210287
-4.411768 3.696000
-9.305142 -7.499363
-1.213485 12.159417
13.594397 10.131474
-14.498820 7.196546
10.444214 7.904029
6.192715 -5.709369
12.445798 14.129174
-10.784982 12.796853
-13.353811 -14.124287
8.811155 12.559072
-2.793063 -4.222795
-6.155250 14.966132
-3.047556 -8.347866
-1.804168 -1.887778
4.167618 -4.609195
-4.558176 9.614687
14.111210 3.339364
-7.172049 -4.088866
-14.630424 -9.552779
-4.453349 7.414621
-0.034080 -12.331505
-12.865714 11.143939
-4.344124 8.497599
-1.882939 -4.897944
-13.294909 -0.156227
-10.737345 14.896390
2.305799 8.114937
9.685157 -9.882718
13.277653 0.425948
-7.977798 8.469333
-9.208602 11.032896
8.662699 -9.370469
-3.888099 -3.853169
-12.231614 -0.246153
5.893294 12.874156
-2.475128 11.784679
11.212102 -9.665392
-12.338909 -7.253140
-8.115715 11.329329
-6.762717 -11.894094
6.454312 5.849061
0.542610 13.409209
-2.579149 6.506450
-5.734869 -8.218712
-7.653534 13.694820
-4.872433 -1.348521
11.970327 -13.486878
-10.650515 -0.331839
5.178812 7.507931
2.471353 5.307612
-14.303743 2.578942
14.713428 -8.523849
6.257472 -1.373334
-10.209926 -6.984142
-13.049028 13.311367
11.176085 14.332133
-5.965733 0.489346
-4.197406 1.518416
12.199471 7.036404
-0.192435 4.125466
-9.585700 6.121465
-9.049656 -12.398563
-5.834468 1.813338
10.547480 -1.371162
9.034551 3.983587
-3.953958 -2.123817
-6.600172 5.597212
10.956264 -13.728698
-9.615931 12.892014
4.353945 0.794639
1.873489 10.111785
0.216459 5.071401
-10.663209 -11.084937
-9.786557 -6.061551
12.959030 -4.339389
12.035503 3.679497
7.417986 6.656101
2.195603 -12.101097
6.742345 12.030382
4.612924 6.207825
9.713339 5.802324
7.450632 -9.823522
-10.137865 -14.251152
10.993758 0.083425
13.902222 5.664351
-13.911315 11.500343
-7.583660 1.855039
-5.608313 -10.109407
7.175743 -0.546385
5.418666 -6.588409
-14.134013 -2.693930
7.546173 -4.118486
3.376073 -3.774361
-11.040312 4.691880
3.223264 -2.447946
-4.796547 11.551784
-14.616295 6.070895
9.135377 9.458947
0.407491 -0.589687
-13.248281 -6.677163
9.302662 -7.978815
14.887477 14.636736
13.556772 -13.179642
9.598585 0.643917
-11.924311 3.640344
7.040690 0.705946
-13.901124 -12.226622
11.969290 -3.704622
-14.787759 -1.889021
-2.909440 -2.020861
-12.876189 -12.065737
12.874278 10.992423
-12.285170 13.996916
6.189141 -0.217702
-5.749727 12.735419
-12.334023 -8.447067
5.677659 -14.645911
13.769751 1.666831
-13.055801 -3.260712
-8.270362 5.333296
0.022937 -7.752641
12.219006 -12.492661
-0.766050 -0.522788
12.519559 -2.750175
10.493985 -5.551811
0.773484 -1.592898
-11.219987 -12.173783
7.171524 -5.319724
10.225369 10.109757
-5.835231 2.851699
-14.925550 12.232540
-6.054209 -0.762098
-10.401617 11.850104
6.015825 14.167897
1.485850 6.089145
11.507529 -6.086671
-0.263260 0.459690
13.727224 -2.206186
3.167316 -13.617454
6.655921 -14.939250
4.202780 9.990833
-1.196639 8.108446
6.539174 -10.587641
-4.461552 -8.073034
-7.076220 11.185815
-0.921672 -13.127131
-12.322074 6.903681
-14.879515 1.345076
4.695333 3.231673
-9.591230 -3.503892
3.248462 1.438253
-1.542760 -3.791251
-10.825699 -5.378107
-11.430699 11.388562
13.238212 12.192410
1.447074 -0.686411
11.665929 4.980595
-5.369877 -6.263707
3.312821 9.369236
3.546988 5.007130
13.473573 14.764444
-9.524436 -8.989636
-1.899460 -11.220667
10.221372 -12.560338
2.187686 -13.188721
-10.196140 10.785327
-10.127234 4.062569
-3.740096 2.896765
1.801696 9.093956
-0.608766 7.089845
11.355170 8.344449
12.433852 -10.039523
-3.798819 -10.729150
-8.302862 14.644079
1.781791 1.684478
11.661924 -7.201734
-11.963702 9.186158
13.169763 -12.018118
12.629326 8.072129
-8.098352 -13.111516
-7.128787 14.575874
7.435667 -1.681507
-10.423373 2.043419
2.568464 6.425736
3.726448 14.121480
-2.664048 -9.300990
12.478442 -6.392505
-11.267102 -1.188096
-9.060288 4.416125
1.396010 4.430070
-4.508238 13.700585
-0.238261 2.402983
0.046930 -2.716883
6.550230 -13.772843
2.145668 -8.254514
-6.206007 11.766997
3.486570 6.020615
9.427666 7.849184
4.040717 7.063839
10.296724 -10.771845
5.233549 -7.682994
13.389552 -1.137844
-12.600765 5.876672
-3.415237 5.500087
0.577499 -9.472484
9.921612 12.512159
-2.803794 0.308662
-14.337599 -7.895677
-3.242396 9.703942
-5.522991 -3.253942
5.305724 -0.778674
2.904353 10.501398
14.514017 -3.078902
-12.687358 -9.422962
-13.812891 10.482776
5.682423 -10.045520
4.810964 -12.263278
8.889078 13.659326
-10.503446 -9.850941
11.717660 -14.552755
-6.512996 -2.968705
7.961762 2.965894
-13.290017 8.981674
0.894369 -3.408895
1.752746 12.612647
10.977490 12.159331
-6.092314 -7.042448
-6.631580 9.721412
-6.919072 3.882510
12.262869 0.441703
-11.883634 12.935995
-2.115823 1.422923
1.067680 -7.707434
11.250293 -12.748373
-1.785121 -0.779192
8.445303 -1.990928
-12.709891 9.862204
-1.325966 -8.016909
9.658490 -11.542407
8.692541 -7.002491
-1.819149 -10.161574
1.288160 8.075449
4.656363 -14.152808
4.294609 -2.854335
8.366646 5.883035
-4.458506 12.649421
1.204940 14.462018
-7.987034 0.011099
0.390466 7.279685
0.011602 12.398170
-13.608033 0.798408
-5.063902 -7.230334
14.274816 -4.571829
9.974066 8.798028
14.768883 8.855544
-2.713020 8.463194
7.416637 5.288551
-14.201178 14.150410
-11.615372 10.334764
8.425516 11.226407
-6.154041 -9.193939
-5.940550 -13.562241
-8.000426 2.770793
6.538570 -3.487749
2.601411 4.277632
-4.103483 -12.024169
-3.646036 14.722681
9.927271 -0.558200
-8.563791 -11.186217
11.363168 -10.659757
4.565386 -8.749120
3.467867 0.281585
2.545340 14.131144
-3.870859 4.580381
-13.940258 12.675690
11.672542 13.257426
-8.411683 -6.982179
-3.605939 6.562093
-1.499678 6.576413
-9.223083 8.988772
4.198584 -11.213399
-3.931475 -0.775770
-11.225058 -13.961112
