9.532752 -1.620982
4.727712 8.214264
-13.455844 -2.869292
-5.111896 -3.643768
8.392203 -12.633602
-11.528609 -3.663168
-1.936759 14.993482
-1.168592 -2.712596
-11.838424 4.848825
14.617579 4.775651
-4.098756 6.506012
1.921905 -6.593615
-2.242959 7.169586
-8.443158 5.600167
0.382838 8.557030
-4.190565 0.176306
-14.187554 3.071613
-13.341166 7.153864
1.648811 -0.604631
0.662417 12.454305
-1.823537 0.214931
-1.962173 4.442434
3.389722 -9.067585
-8.253460 -14.632378
-3.908255 -5.072587
-9.944151 2.221763
13.552759 6.536123
8.650024 4.310308
9.973847 -6.785671
-8.370585 -2.337776
5.768800 3.963836
-2.728982 6.256971
2.922465 2.439541
-3.285154 7.122447
10.092701 11.065569
-6.001213 -4.264084
-5.896243 12.078467
-13.747163 14.391347
8.228590 2.620393
-2.919328 -7.116607
-11.012543 8.108890
3.070839 5.565944
6.820177 -11.388253
4.959987 -11.019249
8.814219 -3.782028
-13.270579 3.607030
-12.546867 8.352995
13.608569 -8.982313
3.766243 13.786413
11.432267 0.534713
-2.378745 -0.683627
-7.244636 -14.836141
2.740692 0.490524
-4.136872 -6.385922
11.507799 -13.885123
-10.331916 4.440355
-8.146005 -4.371794
1.996461 12.536945
0.059158 -2.527925
-3.687679 -11.341558
11.428807 6.237681
3.770711 -0.146611
3.958882 2.373627
4.289280 -7.027055
-2.048483 10.330646
-5.484171 -5.977410
1.355158 4.584292
-11.867915 0.390661
5.606517 -1.389188
-1.733009 9.334470
-9.693465 13.424837
2.100177 8.216716
3.312953 -10.254042
-5.979305 7.515835
-13.235433 -12.836745
7.470925 5.152588
-8.655618 6.959764
-5.320739 6.453100
2.026016 -11.475251
3.276418 12.680708
-11.154001 3.810834
6.216713 -7.492218
-6.385586 -1.729383
-6.442015 8.528360
-10.390698 0.150024
0.619807 -3.911817
11.658884 -9.738558
-6.718287 1.911228
-9.605001 -11.205916
-8.307474 -11.266183
-10.356268 6.950260
-10.489575 -6.791797
-0.215433 -11.015454
-4.004579 -7.397231
6.909749 10.472475
0.468652 2.655813
-9.576577 12.202309
-13.281091 -6.729822
9.432410 6.311355
-2.509778 3.435937
13.250357 11.025254
-13.126081 -13.853557
4.926135 1.695556
5.921337 -12.808253
5.914331 -3.303447
2.371354 3.361937
-6.715265 -8.034746
-14.121955 -4.969757
-7.672645 13.155867
-7.591735 -5.359400
-0.559309 12.944194
11.858001 -11.791311
12.431686 -2.572920
-13.211583 -1.357302
-6.285043 -0.519527
-11.279311 -12.278342
10.977759 -8.437509
10.145689 -2.485062
-0.491121 -4.633589
11.123924 -4.214928
12.193296 2.070582
-9.052282 2.676778
10.149666 3.092634
-10.580323 -7.997238
2.717541 13.526553
8.650526 -6.539668
-12.049676 7.479522
11.190418 -2.513757
12.363375 -10.661420
0.207249 4.812952
-3.422348 -9.527522
-9.548094 -8.169950
-2.959239 -10.458529
12.799175 12.311167
-14.323220 -8.956770
-9.125502 3.699468
-12.772952 14.662113
-4.030709 2.217728
-10.666663 -1.273306
-14.269364 13.532500
4.679949 -9.893161
-2.926272 2.426452
2.538723 -14.443597
-6.619461 0.709103
10.743501 -14.552882
-9.511036 -9.429035
-7.416164 12.160385
7.234960 -12.532315
-4.364363 -14.178377
14.090132 9.363074
-1.867781 -10.283115
-3.450744 -13.339042
-1.244906 10.950830
14.336380 8.242687
-7.798570 2.435143
-5.596172 -14.793995
-6.615365 -12.303920
-4.010316 -10.381975
3.235908 10.513968
11.559932 5.176214
-5.767396 10.492842
0.186347 0.660009
-5.350404 -13.634471
-6.918643 -9.059137
8.436683 12.469668
1.975245 -10.297603
-0.752559 8.856689
-12.959609 0.714983
11.203625 10.799457
-1.851103 -9.279546
-2.984104 14.586453
0.888108 10.621814
-12.964103 13.396538
11.480307 -0.512165
-13.659667 -0.199140
-9.037813 -10.348288
-5.107040 14.009135
13.921028 13.788878
3.549620 8.511938
10.134423 -5.574394
-12.394519 -10.428378
14.796296 3.556846
-6.250997 14.000458
-0.570401 2.925323
-1.200271 6.775582
-9.366958 5.093019
13.266652 -10.038169
0.255941 9.588232
6.930974 -4.739829
4.558870 3.806944
-7.600860 6.389917
11.434291 2.926659
-13.026613 -5.122031
-8.773075 10.413735
9.635260 7.420288
12.129178 10.223288
2.904216 -13.398148
6.861107 -3.632835
-4.235189 4.859103
-2.537731 11.918687
-6.734594 -10.164872
12.379310 -8.804502
7.344489 12.847009
6.098369 2.120699
6.196901 12.806129
-6.839712 2.929535
13.413670 7.577428
-14.181670 -12.425444
-5.795538 2.891900
-11.062449 14.961485
11.704606 -7.669730
6.385168 -2.076469
-10.890567 -13.409084
2.006041 7.138108
12.081059 -1.503276
9.242033 2.192644
-6.412878 -14.171079
-8.576533 -7.819238
-1.822369 -8.100064
9.893017 -11.134874
8.303627 7.039856
12.824348 -12.201748
0.221540 -14.401740
-14.934927 -4.370816
3.381112 -5.016299
8.041820 10.046123
12.487644 -0.300084
12.998630 4.992725
-14.231682 -11.225425
-12.096910 -11.418743
-2.931423 13.383549
-4.816746 -11.033855
1.283014 9.587764
-3.613888 12.630313
4.801374 -0.259241
-14.438760 7.421705
-14.241911 4.082304
-14.242085 -1.027007
1.550569 -12.571734
-11.330759 -10.256015
2.579822 -3.812564
12.115339 4.338490
-3.508422 5.603133
-4.522857 -11.994123
-1.995484 13.982493
-0.326837 5.719186
3.492111 11.509482
10.630744 -12.105385
-14.714490 -3.062864
-6.181612 -6.822770
10.981688 -10.578777
-4.409836 8.842350
-7.631637 0.716979
-0.174329 -12.085750
7.648320 -0.662033
8.833062 -2.383151
-5.918948 -2.804720
7.427254 11.826148
-13.474402 -8.008668
11.610262 -12.825730
-1.470763 -3.715105
4.982221 9.257285
-7.378917 -0.255999
7.857353 -3.413816
-14.518076 -14.963683
-4.646935 3.288024
0.701522 -10.354605
1.099001 1.433047
-9.782946 14.758464
8.231458 11.053323
6.793820 0.842806
9.276168 -8.999587
-7.264676 7.528967
6.078123 -0.025260
-6.947256 -3.643975
-8.312223 -6.433669
-3.197404 9.593446
3.526049 6.624591
-3.361270 -2.816342
-3.500650 -0.677896
-8.916817 14.096100
9.350426 14.217994
4.381758 12.299282
4.687889 -3.421542
-10.479615 -3.287443
14.348969 -7.884941
-2.982091 -5.995506
-8.442839 1.570339
14.533616 -6.785287
-11.923855 -14.365427
-1.581398 -12.383041
4.327054 14.737915
-4.548391 12.179360
-0.838674 0.943760
12.450484 -4.670841
-1.557945 -1.778169
-12.601286 -3.896232
0.650336 -6.423965
-4.715710 1.161411
7.278212 2.256482
-14.120212 5.185428
-13.688570 8.151410
7.917752 1.443316
-0.351222 -3.524506
2.228123 -5.455109
6.386250 4.774460
7.988781 -1.622276
4.006410 -11.431283
-0.816755 9.990784
5.367194 10.264875
13.839878 -4.465876
-7.972067 -12.333842
8.302308 6.018797
-0.133541 10.776481
14.888366 -12.794234
-8.419390 -13.230617
0.126449 -8.583856
13.030229 -13.234708
-8.753897 9.200053
4.352178 10.485192
-8.014412 -3.277936
5.874136 8.147742
14.890691 -2.059562
-12.614614 6.221548
7.089556 -6.660054
3.344607 -2.829856
1.121829 3.503028
-4.484250 -9.456267
-0.158380 11.780460
3.501898 3.426791
-6.525086 9.683218
-4.350443 -8.386285
2.501522 4.504020
3.143687 14.606679
8.912595 -11.601494
14.601636 1.894006
-2.748903 -1.616554
-3.258562 1.410372
-11.650230 -0.612452
8.111217 -4.621667
9.979872 -8.280195
-5.722246 1.276818
-0.388779 7.899557
12.977630 -7.825733
-14.273417 -7.008252
2.340655 1.600093
9.864647 -10.024261
2.149774 -9.148346
6.115826 -10.366310
7.897872 -11.604116
5.813821 -4.306427
8.102253 13.504326
0.876285 -1.692575
-1.440014 8.009463
1.956617 -1.576971
-14.097044 -2.027084
13.898862 5.498972
7.245587 -8.149164
6.283440 11.338502
5.087756 5.984775
6.586689 14.871049
14.145435 11.643350
-6.500359 -5.441457
11.292306 13.736658
12.567888 1.044913
-10.656247 -9.295384
1.554325 -14.626327
-2.264174 -2.727860
-10.627064 11.710299
-11.467773 -6.030021
-3.078012 0.245024
-1.279058 12.139737
-7.944178 3.491727
13.912939 4.035015
5.014554 -13.390332
12.157878 9.212219
5.892363 -13.941796
1.034485 14.470547
-14.277056 -13.559585
6.788662 -13.487207
-4.068672 10.131425
9.155982 3.380418
0.273694 13.609774
-6.523502 11.238520
6.923757 -9.352254
-2.939023 10.853606
-14.714708 8.601444
-12.387710 9.347169
-4.067455 -1.547410
-10.674664 14.011617
-14.794567 12.072033
10.339249 13.230460
-5.562941 -11.705187
-9.493000 -13.625299
13.076176 2.573009
-14.752519 9.624777
-3.973406 -4.029181
-12.197372 3.785500
-5.273764 5.411831
9.836838 4.265696
2.999429 -7.161983
-8.455740 11.829502
10.972986 -6.706814
-7.811852 -8.600792
-9.721857 10.908770
5.080466 11.515309
-11.602324 12.958365
-7.266880 4.369740
-10.007920 -2.036375
-0.636165 -6.608097
6.435959 -5.743032
14.605513 -8.857308
4.971103 -14.451734
4.678893 -4.530433
1.467855 13.542469
12.569245 8.192711
-0.590116 14.194754
-10.127277 3.449283
8.787479 -0.940875
-3.614000 3.198010
12.614163 -14.528626
12.233259 7.100939
-14.726257 0.340513
-6.400377 12.982225
-12.260494 -2.692700
-9.297518 -2.793583
-1.301771 -11.399916
9.200158 0.458989
-0.690645 4.324214
-9.775866 1.010087
-10.536213 -5.546227
2.841614 -8.158164
4.388079 7.159486
13.818080 1.210037
1.379813 11.577567
7.510518 -10.638129
8.232055 8.828840
-14.630996 -7.962252
14.303791 10.581865
-11.571193 6.095819
7.969298 -7.290655
-3.262896 4.295118
14.903106 14.098107
-7.628822 -7.364428
-1.012581 1.987607
-14.688458 -10.019235
-8.827117 -1.406815
-2.812748 -3.838152
7.338115 9.279510
4.138880 -2.169083
-2.519650 8.303127
4.269734 -1.113046
9.417823 12.778667
6.495659 13.828619
-0.894899 -7.708861
5.861571 -11.678691
-12.634775 -0.276557
10.832939 9.124222
5.508794 14.552291
-13.825775 12.622916
3.729791 -4.072460
-12.240270 -8.994104
-2.363958 -11.316671
14.429738 -14.978931
1.946408 10.493997
5.054427 4.776286
8.077705 0.430286
-11.856649 -4.687544
13.305370 -11.271817
0.541537 -7.423693
-1.836942 12.988161
-13.338107 10.416133
-9.465424 -7.087413
13.146109 -1.840919
-9.669094 9.834977
7.429790 -2.487749
-12.582690 11.310751
-10.578294 5.621518
-11.477778 -7.040132
10.071348 9.869186
-1.573804 -4.756802
7.261133 8.227469
-4.265319 13.400177
3.569746 4.428868
-10.873020 -4.453836
10.334783 0.807743
3.494267 1.488103
1.082277 -9.185519
5.027469 -7.915398
5.424326 3.018203
4.507938 -5.895373
-9.056616 -3.889196
8.944694 -10.514717
4.961323 -12.391054
9.512699 -12.605400
4.063739 5.348148
-0.382562 -1.359599
10.098739 -0.360849
-1.442182 3.479160
-7.720173 -10.428651
14.189727 0.235953
11.431470 8.170325
-8.295300 4.460004
0.100556 3.681839
-14.255535 1.932547
10.842468 -1.513311
1.103259 7.851066
2.305996 -2.636043
3.017035 -11.223998
-13.968705 -6.000970
11.867074 11.660740
8.108113 -8.687987
9.767284 -4.444081
3.016624 -6.115840
-5.121715 4.236840
-10.880747 2.596190
-13.035534 2.362463
4.413001 -8.879832
-5.117201 -1.818344
13.927152 -2.503263
10.304762 -3.589646
13.093914 9.725299
-7.406549 5.403515
5.601358 -9.365949
11.470325 12.674844
8.861568 -14.876796
13.795567 -0.778012
7.465948 14.359637
-10.301787 -10.362415
-7.063038 -2.531503
-10.297181 -14.278748
-5.438156 8.451816
13.234978 -6.500231
10.339495 8.247016
0.019141 -9.578241
-3.227266 -8.354342
11.304047 -5.757393
12.631485 6.093806
13.619466 -14.142507
-10.926665 10.702335
5.398891 -6.570242
-8.722203 12.901474
14.696680 -13.932249
3.565708 -14.447266
7.758876 -5.747473
10.576985 -13.327742
-2.176300 -14.032144
0.788814 6.842768
13.183988 -3.260373
-14.619436 10.768554
7.207109 3.864879
14.902020 -5.739358
-7.665831 10.875334
-10.169946 -12.368907
-1.966295 -5.720247
-13.470205 -10.422472
10.204484 1.908706
-1.323624 5.442130
12.100088 14.570087
14.086264 2.775373
-7.845561 9.769379
-1.954249 1.327660
9.213918 11.586165
13.866403 -12.264923
-11.929699 10.449534
12.866039 3.654451
-4.842510 11.159277
0.775069 -11.712601
13.427578 14.833085
-7.441121 8.771895
-8.239833 -9.515382
8.670587 -13.798879
6.651052 -1.105376
10.427328 6.132306
3.823188 -12.577910
1.223914 -13.665676
-12.120210 1.371242
14.474498 7.202887
-7.261070 -6.410964
10.692353 7.174750
-1.899560 2.564619
5.385449 -5.405347
0.861696 -5.353342
8.787582 -5.393949
-8.683730 -5.423539
-7.287981 14.096675
-1.312443 -0.806168
14.473722 12.803035
-6.951904 -11.325939
3.735338 9.558242
10.512208 5.113760
6.035635 9.219798
2.114568 6.044586
7.678819 -14.543215
1.237065 -2.869406
5.821426 7.095386
-11.944253 2.646615
9.493443 5.305694
0.416701 -0.719682
11.232916 1.541306
-0.822294 -14.803267
-12.237105 -12.990848
13.370999 -5.468123
-10.704153 -11.397561
2.495920 11.352959
10.579749 12.201182
1.645209 -4.526864
10.711215 -9.419143
12.081181 -3.712883
7.286606 6.846974
-5.093142 2.087522
-6.318849 5.525284
-9.024431 -12.172558
-11.783527 14.126423
-1.303079 -13.425302
-12.356585 -7.889689
-10.497840 12.745641
14.809583 -0.615812
9.039017 10.405016
-2.376455 -12.996707
-13.590298 -4.078014
-5.292859 -10.079635
-5.620199 0.242499
8.038210 -9.768731
-6.136152 4.166475
-8.481339 -0.260147
-11.376881 9.244168
9.871372 -14.059985
1.885276 -7.722302
0.913571 5.660413
-4.919212 -4.860565
4.756775 13.290024
-13.893182 6.180280
-1.896497 -6.954200
-12.636584 12.326909
-6.421653 6.602821
-13.282998 -9.226703
1.514031 0.425351
9.323506 8.531080
-0.513279 -0.126263
-11.699032 11.862063
2.142795 14.514725
-8.339538 7.973581
-7.100331 -13.278662
9.006820 -7.831790
-0.135694 -5.656606
-4.019707 14.610154
-4.739155 -0.746809
12.303805 13.299563
1.553449 2.356568
2.763052 -0.615543
-4.513574 -12.999746
2.688101 -12.384755
14.200505 -10.636200
2.534300 9.651027
-0.828257 -10.181464
14.855722 6.259830
-4.688913 7.709457
-10.960521 -2.352263
6.349187 5.836681
-4.371057 -2.582629
5.770495 1.042287
-3.395313 -14.491940
-13.940638 0.980932
0.067840 1.656763
-12.913427 5.109191
-11.949117 -1.597366
-0.852763 -8.852595
12.311528 -5.840906
-7.475655 -1.272734
-5.394495 -7.876100
5.219911 -2.386854
11.086852 4.130944
-5.298322 13.011873
-9.551862 -6.055855
-5.316394 9.453081
-5.894020 -9.129046
-3.182876 -12.227436
-13.237526 -11.473311
2.950306 7.495683
-9.548448 6.249583
3.179082 -1.669494
-10.079046 8.895101
4.361371 0.686040
0.323631 -12.989597
-9.679307 7.863719
-3.579628 8.225800
-13.743729 9.470442
-9.549258 -4.843966
-3.703554 11.499525
-9.514908 -0.400841
-2.821855 -4.929953
14.323081 -3.534355
14.893833 -11.734638
-13.757864 11.361009
