4.651698 -7.359176
-10.560190 8.981241
12.891655 -3.449848
9.372033 5.945789
-10.546133 5.189429
-1.060576 -9.775640
7.958676 -13.278771
-2.673150 -4.993439
3.482783 -1.085310
6.989272 -0.023039
-3.934683 11.726629
6.010539 -5.909518
7.613960 7.221237
-7.346652 -11.913002
4.149126 8.612779
-14.396156 -11.416747
-4.060821 3.979352
-8.220357 11.974477
13.432998 0.011859
-1.027688 -7.248919
-7.501058 -4.443008
-3.297790 -10.798095
7.532843 -5.887119
11.338754 -1.035321
-6.615988 10.783646
-8.964059 7.065827
0.376612 3.087180
-2.464093 4.029418
2.490249 1.125125
10.047918 10.839152
-6.052830 3.270708
12.904452 8.665277
-8.866044 8.083869
11.367727 -14.537484
14.993767 11.024049
4.988090 -2.877344
5.107833 13.161087
-10.000179 -4.672089
8.170041 -0.067640
10.593134 9.127414
2.991972 5.093527
0.206364 -3.229210
-9.325245 -12.796840
6.153017 -3.140329
-3.161821 -9.115296
5.625176 -4.135674
1.688868 -12.255036
10.821646 4.355364
9.125436 -4.000159
14.988041 -7.226925
0.961572 -12.957813
-2.578671 0.558881
-8.558885 -2.388523
-1.846170 -2.950392
-1.546405 -11.910936
1.992103 -3.269088
-14.473188 11.980057
-8.227203 -13.158321
-1.980228 -9.181477
7.127988 6.117314
-10.421313 12.237952
-12.126618 -6.424210
13.939711 -3.450906
-2.222695 14.881406
-0.780677 -2.822414
-5.740540 -10.608131
-9.567456 4.728876
-8.197089 3.823056
-6.871796 6.684254
-14.224589 9.081566
14.482716 -5.687518
-7.025483 -6.425266
10.380944 5.554228
-14.801372 -10.446583
14.988989 14.435698
6.513189 1.051501
12.256319 7.815930
10.531345 -3.903477
10.792242 -1.979576
-8.980241 -4.618263
-1.335635 -13.831170
8.214254 -9.801784
-8.970734 -9.347460
11.354978 5.260488
-0.175210 -7.796985
-2.340244 1.755618
1.539576 13.050902
-11.267054 3.197463
9.688047 -5.792061
3.387883 10.424948
0.833063 -8.621647
11.894717 -8.560239
-2.424767 -13.965112
-9.494600 13.731158
3.635206 -13.235161
8.069844 -11.048703
-1.159595 14.833005
-1.155640 9.767055
-6.915532 -9.741149
10.591457 14.559204
2.664630 -4.977498
-12.828219 -4.659644
-0.298860 -13.916589
-9.236912 10.533417
5.964247 -0.910427
-11.936085 10.823972
4.035699 4.490999
10.470126 -10.101287
-10.321822 7.155916
-5.206440 -3.333566
-2.340386 -6.642945
-13.314090 -2.456617
-5.058396 12.261025
-10.406862 0.310818
-5.554056 1.095974
4.245077 -11.091513
7.272378 -8.859982
5.684295 9.491995
-6.552733 1.267254
-9.053736 -10.781738
9.697326 12.839354
5.933589 -7.226196
-13.185250 -0.768969
-7.196792 -1.353418
9.781773 -9.189315
13.447439 -14.354118
1.702692 -5.585159
-8.604307 2.863398
-10.567873 -11.964630
2.328522 7.372535
-9.586289 -8.250077
-2.057239 -12.905931
-4.528251 -12.515192
-13.949396 -7.735059
3.989716 5.510420
10.980828 -9.013953
-1.262508 -8.387058
8.059511 -1.991269
11.944017 -1.956639
14.149658 13.670592
9.264035 -13.209007
-7.629253 7.435708
13.952567 14.760357
0.953872 -11.422306
1.131339 -14.576369
-11.369599 0.723485
-12.544026 2.640739
9.801850 13.880154
-11.732670 9.605488
1.032963 -0.684975
6.164251 -8.832807
-3.999706 -6.718417
9.587843 4.526398
-1.938080 2.918438
12.516610 6.845850
7.701914 -4.555247
14.071391 -10.399977
-6.845896 -8.664834
9.829295 -12.196821
-0.189200 -9.204919
2.886616 -5.989982
2.470194 -0.993456
-11.111898 -6.440349
1.351666 3.986047
-4.601169 6.175141
-7.321223 11.495190
6.470746 -4.899128
-0.848145 13.180342
3.220506 1.844015
-9.287112 3.596008
12.908264 -2.413855
0.527262 7.171971
4.802069 6.425262
0.216286 -12.285681
-3.748561 2.741640
13.267533 -6.008944
-0.071704 9.882674
-2.705375 12.924392
4.847483 -12.549278
-13.525668 11.595571
5.404859 1.487169
-14.908207 13.055406
0.824720 -5.097066
6.989492 -12.999202
13.880983 6.097021
13.894053 1.830441
-0.694867 5.084820
-5.820899 -12.717641
-6.144418 -1.934820
-4.118137 -3.495529
7.253065 8.298250
4.118566 -5.234470
0.150182 8.608129
6.322588 14.848944
8.614220 -1.006833
-2.866261 8.538424
8.520195 13.577216
-6.010251 11.668852
-0.532774 12.074029
6.709235 -7.942362
-8.342483 13.003405
-2.907612 -3.142799
7.897591 -3.491796
9.485536 -2.147890
7.390444 13.311764
8.705492 -6.317232
-5.139116 13.337225
9.218039 -11.368727
-11.019546 -4.240197
13.468834 -11.478793
-8.368439 -12.119408
-9.351821 0.464774
-0.818035 3.159728
12.214359 -0.475742
7.672923 -7.040986
4.792296 -13.639744
10.724166 -5.527247
-11.841719 13.988902
5.807828 -13.060539
-4.176337 -5.057673
-2.796448 14.017178
8.758320 -2.855084
13.390413 3.138941
14.442946 -0.471247
-9.690945 -1.088373
5.787658 -10.752219
-13.262866 -11.094561
-9.443818 -7.234075
-6.679066 4.595933
-6.492591 -14.863075
11.546366 -11.718331
-5.876256 -5.393119
14.318225 0.621508
-11.484232 8.470679
-11.444969 11.930188
0.108778 12.862769
-3.221789 -5.931456
-10.990868 -10.997483
11.597115 -7.494039
-1.983173 -7.673264
-1.802946 -1.456074
1.940321 -2.025653
-10.789385 -14.320415
-7.845886 -10.994230
-11.625403 7.371320
10.907947 10.263407
2.869090 -0.047161
-9.948970 -10.263563
10.552625 1.987414
-14.092116 10.608431
-11.321109 -9.883794
8.609365 5.040381
-14.143626 5.092274
3.701100 -10.113600
-11.510501 -12.336100
-2.936225 11.925737
12.630881 -7.017568
-8.274213 4.888047
-7.357780 -2.728700
-2.790151 10.897100
-6.258849 12.968370
1.691750 5.132699
-14.641134 1.899660
-9.956671 6.164161
2.362324 9.749705
3.007701 -7.314662
10.663802 -7.963045
-12.948769 -12.079498
12.726104 -13.151986
-12.181885 0.123429
-12.904415 13.858731
-14.507557 0.670206
-5.906136 6.071472
-11.601791 -7.461349
-12.868828 -3.509957
4.709906 -10.145747
-5.784996 7.390310
14.589667 4.967401
-12.297831 -10.432517
-2.082926 5.025163
12.938381 14.566758
4.677653 9.966841
11.911562 14.417012
-6.270321 -3.414751
-7.308506 5.743232
11.937083 -3.812760
-3.743818 7.722594
-1.442969 5.847868
7.063720 -10.885450
-8.164632 -10.002477
-2.672614 7.223431
-8.261349 -0.208457
-14.332460 -2.640801
-13.954704 8.101449
-5.087643 2.685736
-4.226324 -7.711795
2.237368 -11.351955
2.301108 -14.164515
4.994853 4.782579
13.673550 -12.528219
6.771508 3.053834
-8.174952 6.393889
10.578045 -13.810658
12.564626 13.597334
2.663061 8.506851
3.085547 -12.242809
-0.188589 -6.478431
-10.266254 3.196219
2.689872 12.777198
-3.454373 6.578193
1.649242 -9.409919
8.728174 -5.155544
-4.792766 -13.725909
7.328654 14.403986
-7.400391 12.592857
14.542023 -11.427311
-14.171514 -12.437847
1.155752 -2.693430
4.528439 3.618778
7.847334 -8.038125
-3.640808 1.014444
-6.034107 14.079653
-5.232794 -11.616258
2.408286 6.215510
-7.143088 9.657351
6.917240 4.297933
9.323378 2.045028
13.635384 -6.982583
4.663509 -1.058659
14.729105 -12.442959
14.150611 9.269624
12.981287 9.703575
-3.440719 -14.498868
-0.819244 -12.936497
11.478516 0.532595
-10.752746 2.321362
-13.315379 4.434711
2.280127 -13.087897
1.801076 0.144805
-13.151828 -5.789586
11.366690 -10.634116
1.712799 2.052290
12.390225 -14.242445
-10.789066 14.409624
8.624228 7.740745
13.990990 10.473678
14.472288 2.662928
4.130191 2.478379
3.864625 12.589282
7.502541 -1.004023
7.399286 1.948033
-3.853375 -11.667464
-5.416484 -8.487195
9.041467 11.661532
-12.933896 10.665217
7.579015 0.894474
-4.137481 9.559816
6.063814 13.808648
-8.463586 9.513303
10.352289 -11.142531
-11.892386 -13.599712
-2.474878 -10.147147
14.653562 -14.487632
-12.617739 8.522155
-11.158593 4.385479
3.010113 -3.729353
-13.362181 -14.285226
-11.643085 -5.039126
-10.743245 11.140820
0.175589 0.196461
12.670838 -12.095472
4.361571 0.059840
12.769994 1.786704
13.437174 5.118344
8.879354 -14.381962
1.487466 7.983992
-9.873446 -2.520453
5.273051 -5.137047
7.416334 -14.396900
-14.739637 4.141844
-2.144875 9.424761
2.873698 -9.312604
-13.797044 13.092011
9.030442 14.565026
-13.495192 -9.870856
1.762033 10.714907
6.411750 -2.037408
-13.300311 -6.825567
5.010875 10.934727
5.091997 14.319179
-2.597942 6.027446
0.911377 11.869552
1.918271 11.829157
13.995041 -4.639528
12.564331 -4.780206
-1.618595 -5.074510
-10.205158 1.455008
10.804720 2.972637
14.922598 8.420676
1.551591 -10.494238
2.777828 14.734918
-12.502778 -9.149271
2.352921 13.753522
-2.807883 -2.116644
-1.225900 -3.841561
3.391673 9.410383
10.831845 7.733316
-8.374959 14.118242
11.265865 -2.995827
3.473625 0.815488
-13.507393 3.261296
-11.580345 -8.742289
-8.661411 -7.861756
-14.109206 -6.203181
-10.906743 -0.584417
14.201574 11.900898
-4.626451 7.247000
5.769266 11.726591
-0.628817 6.684723
-10.788036 10.092790
4.166003 13.793200
9.957152 -14.637806
-13.948757 -5.167869
-12.263282 6.377643
8.040730 12.505634
-6.137973 9.202789
10.004725 -6.974145
-5.127428 -7.259705
11.521308 -4.767048
-9.597286 9.362733
5.274968 2.835842
-13.869599 14.140815
-12.712901 1.233328
-9.906677 14.897715
4.391174 1.462773
-6.179889 0.274713
9.534336 3.301296
12.984617 -10.231466
-14.899180 -1.234153
7.884540 9.272462
5.624337 0.043211
-1.768930 11.282761
-0.618331 7.771998
-2.637832 -11.817973
11.884496 9.924974
-5.309735 -1.261566
5.642133 -9.759911
3.531685 -14.457066
4.807667 12.127738
-6.101817 -7.614810
13.976205 -1.380340
-4.213771 13.975105
12.276086 11.268423
1.339785 -4.119692
0.821820 -6.369252
-4.283567 -8.891931
-0.054253 13.849706
-4.899569 -2.186920
11.898819 -5.736237
1.091961 9.018344
-11.233182 6.361689
2.456590 4.168110
-1.364177 4.157484
7.242447 -2.594271
9.428088 -0.009154
0.245522 -2.227621
-5.047899 -9.714097
8.641436 6.702680
3.222778 -11.154718
-7.929167 0.744690
-11.836368 -1.035376
-9.862068 8.189598
-0.542592 -11.513552
-11.702971 -14.889234
7.474244 10.258060
6.612682 7.106641
-12.438471 3.866856
14.951500 -3.513455
5.129012 -11.576326
6.735319 -6.610014
-1.441818 -10.813338
6.273244 8.063671
4.139172 -9.129795
9.465789 1.034191
-7.111322 -7.653299
-4.638121 4.855883
-13.237050 0.374131
-14.739367 6.064261
-5.146550 -4.607396
1.264944 6.398979
-2.325321 -3.993185
7.358128 -11.862227
-0.175527 -10.300955
-12.921660 7.328319
-10.926888 -1.998992
-5.046479 3.781661
-7.909212 -14.829872
0.763205 10.466736
9.671960 -8.137859
6.158407 -12.006404
-13.911287 -1.630328
-10.498953 -9.080186
2.239413 -8.440336
-12.300633 12.880597
6.012027 6.120879
10.084182 -1.138636
3.429734 -8.233320
-3.124211 -7.776433
-13.608768 2.259643
8.709680 -8.680246
-6.808773 -12.875882
6.885893 -3.904236
-6.175666 2.234644
8.374275 2.850128
-5.840713 -14.016338
-6.852102 8.414340
-9.698623 11.425887
-7.298865 3.072257
4.035876 11.273920
8.329200 -12.210280
13.009895 -8.081999
-5.984712 -9.349475
3.745927 -6.596158
-3.889247 -2.460513
-4.713436 -5.962928
13.116956 4.136466
12.358803 -11.053791
-13.931003 -3.598900
11.156236 -6.542672
13.216807 12.718576
8.377576 1.570893
-0.970961 0.171381
10.056710 11.862956
-9.826390 -13.850383
-5.946504 -6.539945
-5.636934 5.068215
-6.258206 -0.840434
14.262560 -13.375681
11.898357 -9.666724
14.220353 -7.950729
11.577765 8.751192
-7.372016 -5.457781
-3.862328 10.634823
3.350482 7.084211
-1.617590 6.902004
-0.889263 8.788200
-14.724351 7.426974
9.723957 8.235747
-9.459664 2.247206
-9.131632 -3.289970
-9.512713 -11.791293
-14.717599 -13.571776
-14.259861 -14.776705
-1.832132 -0.389472
-1.655137 7.987430
7.964305 11.393170
-11.945008 -2.476793
-12.660698 -1.682889
5.461925 -14.471916
-7.283748 -13.984277
8.738707 10.107936
-8.608477 -1.307779
-7.150226 -0.252889
-14.630532 3.124847
11.494900 6.613707
10.522806 -0.217619
6.349655 10.629250
-13.745416 6.747279
12.750199 -9.111543
0.407408 5.453820
-8.726693 -14.235227
-4.643136 -10.701039
3.805369 -2.894253
-11.962232 5.369742
10.716596 12.831707
-10.984276 13.226505
11.345395 11.924506
0.233205 1.986785
12.222754 12.494279
-11.820081 1.726707
-5.436796 -14.983883
10.070708 6.717938
-13.256431 9.388057
2.208178 3.040180
-4.349973 1.921545
6.804846 9.484110
-12.707986 14.930485
-7.076012 13.730653
-8.001751 -6.675531
9.968807 -3.033276
8.741576 3.920887
1.960007 -6.725184
14.090010 -8.956195
-8.668847 -5.883907
7.561527 5.194905
-3.810339 5.534815
6.794619 -9.887709
12.048428 4.353541
13.374533 11.268317
-12.925908 -8.186390
-0.377497 1.143065
10.769977 -12.815302
3.306951 3.317573
-3.135261 9.866110
12.351723 5.767996
14.269250 -2.429127
-8.110945 -3.477711
4.750535 -6.097734
6.478778 12.779966
4.185851 -1.949749
4.318660 7.580225
-11.143384 -3.197125
-3.416215 -13.330483
12.796198 -1.335703
-0.287265 -5.418345
-5.437609 8.441303
-0.754461 -1.665807
-7.871918 2.164712
-0.728716 11.017424
5.195228 -8.569133
2.982980 11.792467
11.889897 3.058582
9.423915 -10.149084
5.219828 8.264780
0.869948 -7.543048
-9.399851 12.468048
-3.976237 -9.918377
-14.866931 -9.159334
-12.057518 -11.469909
-1.759350 12.301895
11.710910 1.692771
-5.075550 11.230423
6.129288 5.077947
-14.981691 -4.578465
-5.626086 10.311500
-9.944108 -6.137064
-6.446374 -11.322043
-6.358155 -4.438552
9.683495 9.738011
-3.791017 13.002552
6.980154 11.743814
-10.696900 -13.058061
-2.785450 -0.758028
-0.101434 14.951502
4.493066 -4.092751
-0.017217 -4.250410
-7.864087 8.426245
-1.895837 13.576483
-0.426701 -0.678251
-8.746515 1.540406
-4.859912 -0.329701
5.725480 3.829737
4.482130 -14.805785
-4.330382 14.977683
-14.159933 -0.534063
-1.266756 -6.202894
-4.375905 8.538121
7.748024 3.664927
-10.207995 -3.561972
1.016330 1.140251
-8.117836 10.747575
-1.429450 1.061475
11.545897 13.455886
13.697605 7.391576
-14.936403 9.939996
5.540664 7.120713
-4.187793 -1.423541
8.692168 -7.406576
2.969277 -2.208334
10.466804 0.976226
5.336573 -1.847069
12.549884 0.772444
-13.421606 -13.183415
-12.527561 11.728061
-3.200912 4.712478
0.711571 -9.817832
-7.981711 -8.724255
14.157521 3.925246
9.928112 -4.743455
8.841501 8.749498
-13.167466 5.671580
-0.234775 4.028637
11.792329 -12.736726
-9.021158 5.595737
6.195491 2.136788
1.202070 14.153666
-3.382290 -4.230484
-10.471665 -7.531497
-3.705087 0.007732
6.345210 -13.908018
