2.702225 5.657046
-7.933534 -2.826211
-3.330702 7.352373
-14.843766 -4.000866
-4.187070 -0.221204
-12.240103 3.311179
12.666774 5.789463
10.960194 11.047983
14.477047 -14.410576
1.715579 2.049767
-6.158915 -10.202151
-13.251223 0.945529
11.390418 -13.440274
6.698194 -11.116006
6.252107 -0.103116
-4.819789 -9.537366
14.761175 1.960070
2.970933 11.531043
12.727586 -5.911685
-5.505525 5.434972
1.299107 -2.763344
2.413167 -10.074971
-3.081450 11.017508
0.240058 6.950011
-12.483085 7.022498
0.699723 -1.467795
-11.945743 10.485379
5.334071 -7.138229
-0.667963 -12.157968
4.088247 -1.282292
10.147855 -3.772133
-5.126531 -1.056874
14.800128 7.183238
-7.471288 3.033429
-0.270887 6.057078
10.992053 -1.706601
2.532043 -4.850785
-2.862000 0.179166
8.075489 -4.916145
9.513489 -12.143869
-7.314271 -1.980596
11.365532 1.426096
-9.616088 10.036897
5.055307 1.867484
7.626774 6.050845
8.664594 4.255571
6.787666 14.842870
-3.168144 -7.131719
8.339203 6.819428
-4.754871 8.225674
1.810296 -12.267836
2.478315 -13.038020
-2.322744 -13.225417
-14.803881 11.328084
-9.941387 -6.984615
6.682581 10.082048
4.224155 -14.602484
-3.963890 8.856482
4.453438 -6.566403
6.652700 -9.447221
-14.178287 -2.970593
-11.352338 -8.898878
8.164094 5.163399
-2.405010 -8.912054
1.855413 -7.971813
-3.437443 11.961574
-8.862852 5.365378
7.533720 3.996600
0.967054 12.500583
10.146170 3.490931
2.301842 -14.127615
2.023399 13.807363
3.548467 -12.563730
7.339766 -2.957258
4.950424 11.242574
14.258993 -8.121864
-11.086665 -0.181730
-2.945109 -11.330025
8.420332 -14.236898
-8.914667 -2.377638
13.690829 -11.538867
5.057166 3.372876
-0.182167 13.081162
7.083835 -8.211713
-13.518663 -2.199767
-13.293928 3.891744
-6.805007 -2.862232
-2.995942 -12.366977
-6.987304 8.549149
-9.060892 -8.746548
7.892357 13.638497
-4.346415 13.962032
-8.509349 13.138206
3.556491 5.025761
13.723726 0.479791
6.120838 -13.908730
-3.604676 -4.210753
3.999948 12.200507
11.165770 -2.761219
-8.920265 -0.659065
-3.187766 -2.150080
7.603818 -0.420328
14.693980 -9.123792
-8.715666 -5.376473
2.788327 12.688369
12.396163 -13.276379
14.003394 -6.906022
-6.602342 -4.630936
0.140252 -13.408670
-9.960969 0.976261
0.241242 0.166221
-13.188496 -12.787654
11.789661 -0.922297
-6.806450 2.273970
12.716604 -12.157760
9.136280 7.477517
-13.284700 2.881679
0.320591 -14.736307
-13.678863 11.354057
0.134553 -9.764748
-7.112021 11.628294
2.020243 11.950206
6.793599 6.807012
-1.968583 -0.522620
10.411299 -13.824520
4.328082 4.308487
-13.104993 7.971978
-14.016914 13.458922
-7.560577 12.641080
-3.535918 -13.366174
-1.002111 -0.074563
11.803190 -10.400283
5.096347 0.251046
9.732745 -10.785773
-2.153479 7.670991
6.590382 -12.471358
-8.016123 4.790113
1.827602 -11.116237
-13.948207 -5.659541
-14.006081 -7.109495
6.867919 4.763675
-12.037245 -0.897455
-8.510392 -13.839523
-10.469602 -14.963662
2.346604 -3.071368
0.746945 -12.153093
-4.511234 11.062055
-7.655555 10.628979
12.721951 -14.406500
2.875345 -7.754326
-8.497020 14.295770
2.270188 -0.108115
-11.966192 -6.911181
-3.384468 -3.217920
-1.287874 6.303245
4.776966 13.361581
-8.588467 -3.727157
5.171165 -3.055481
11.630371 11.968690
1.298576 0.351271
-3.234525 -1.060801
10.577211 2.369790
11.082417 8.667907
2.159438 6.527160
13.745696 1.496832
8.409340 -2.377583
8.216014 0.887682
13.315290 12.548317
5.531742 -12.816045
-9.242296 12.359480
1.881944 10.499661
7.341734 -10.280331
4.249867 -7.554485
-6.409157 -7.711377
4.641530 -2.139159
0.361353 -5.759056
-13.273271 -14.610445
5.531247 -9.720770
-9.398511 -4.479712
-1.065209 13.921129
-13.021709 -1.186472
11.257283 3.233774
-2.219013 5.748177
10.305264 7.717372
-13.001157 10.220603
1.754090 7.453685
-0.767826 7.239979
-3.070202 -5.179379
5.477549 4.296468
-5.234722 -6.949440
-0.261007 -0.869401
13.599737 -2.009541
6.444295 1.838053
-12.110505 1.164049
13.422430 8.670161
9.018636 1.829511
11.311997 -6.883510
4.798719 14.372051
-13.100395 6.232066
-11.581368 -3.930232
-12.315270 -14.918169
-6.223546 9.544194
-13.306872 12.608164
-2.577844 12.709541
-14.019757 10.286201
-7.830868 0.967961
3.081949 -0.738583
-12.594262 9.146281
-2.003765 -6.884808
-0.414513 -4.273158
-6.829742 -11.112859
10.125396 -2.312916
9.308062 -1.709965
-11.006263 10.057004
13.075761 7.408362
14.029119 10.604280
-6.373904 3.234123
0.768564 -4.576709
4.408433 -11.570833
-1.203995 -1.216367
-5.460074 10.400232
13.907507 -5.861125
9.428083 -13.214991
1.353047 -14.456461
-9.222925 8.946319
-12.444487 -9.132060
-4.235356 9.902948
-5.344689 -5.830751
-14.215190 0.246224
1.232536 -6.536594
-1.653166 -9.790297
-7.858909 -8.741229
13.839229 13.772717
-1.287670 11.182285
1.298697 -9.721435
6.910730 -4.152286
9.935320 -7.210252
12.901899 11.493337
14.170958 7.969673
-5.484819 -4.576349
-12.751698 -11.837401
-1.082049 8.850431
9.903651 1.222517
-8.289889 -1.512704
10.013417 -6.107764
-9.260314 7.405158
-14.019913 14.503805
9.449892 12.111410
13.178204 -7.780102
-3.941276 -11.698766
-8.628132 -11.440692
-3.083761 2.268893
-9.200896 11.248013
-10.294428 7.060366
3.840745 2.179856
-1.889540 -11.996494
1.081447 14.515219
11.387176 7.578919
-12.042901 6.108620
2.159585 14.853131
8.538161 10.430991
-13.449627 -8.620054
-1.385722 12.437027
-4.411846 -4.825816
13.932687 9.563914
6.474903 7.875474
-2.076481 13.743639
9.663818 -9.650946
-6.578723 -14.259203
2.828583 3.103779
-3.452225 13.211874
12.808239 13.661411
6.288119 5.658874
7.329163 11.095861
-1.134014 -6.387743
-6.376600 -12.030945
-3.914288 -14.650520
5.811305 2.712589
4.224123 9.546307
-13.232115 -9.925955
0.675485 1.169042
10.674554 0.193646
14.635217 4.225601
-1.408103 -10.775219
-1.192792 9.874207
14.006332 -3.812954
-11.945912 -2.016544
12.741462 0.069139
-11.521197 -11.784525
4.154549 -3.673495
11.929870 -11.457206
1.743397 -4.096663
9.023185 6.038018
-2.000674 14.896199
-1.299429 3.582502
10.823686 -11.463273
1.781700 3.564180
-11.127235 -6.261029
13.612390 -12.778133
14.827744 -0.075423
-13.131099 -0.171031
-5.875825 8.566337
8.901663 13.079509
5.409111 7.606881
-12.715778 11.659552
-9.659921 3.036771
14.969434 13.952244
2.665551 -11.672993
-1.782912 -14.091094
-9.929937 6.069599
12.006792 12.979026
-2.366271 -1.579398
12.929413 -10.819683
-5.722132 2.414871
-8.337447 3.697862
-14.296635 -12.827006
13.039104 4.767824
-12.411763 -10.764004
8.987071 14.320290
-5.381711 -8.047826
14.058003 -10.208253
14.495781 -1.443683
-9.968985 -5.661690
-11.329263 1.961825
6.990708 0.766163
-4.260658 2.556290
10.072018 8.926781
0.906970 11.450120
0.956904 13.510785
-14.469427 5.052706
-4.458748 -3.246658
-11.461921 14.534753
-6.821142 1.026691
6.319670 -3.263700
14.951352 9.404045
6.288115 -7.568814
10.412482 5.459006
12.461183 -6.982545
3.841330 3.394601
8.501053 -10.066175
3.249763 -13.698660
0.857567 -7.596691
6.821489 12.632033
-10.202027 10.849050
5.013550 -13.925625
2.868310 -1.973384
10.100180 6.492832
-14.111577 -11.740517
7.631146 -9.199719
0.817182 8.874116
13.489006 3.760205
-12.115292 -3.022320
5.594660 -10.723122
0.771056 -10.818996
-10.438039 9.198495
5.019191 -0.777893
-1.678614 0.760692
-3.178445 14.471906
10.291259 -4.945073
14.116027 5.127578
-11.172677 12.556271
0.813575 7.814851
-1.474415 -4.016146
9.172924 -3.283161
10.928307 4.310908
2.724507 4.137605
5.646797 14.974990
-0.229096 11.825732
-10.843575 -1.396432
-7.232852 9.550914
11.437144 14.256313
-10.071619 -11.280290
11.147225 -4.124449
7.333530 -14.079499
13.601769 -13.887324
3.232268 -14.894830
5.651659 10.300212
3.745746 13.591293
6.384900 11.581501
9.026604 8.826957
-10.408996 -4.733017
11.030924 -5.877042
6.661071 -1.131095
-5.959105 11.512638
12.842618 -1.331839
4.781175 8.711974
-7.245523 6.126902
-0.103719 14.357635
-9.740101 13.422790
-4.576019 -12.838484
11.727323 0.250333
-9.725632 -13.235507
-2.817864 -6.185434
-14.386940 3.925737
-12.778637 -6.133019
2.815821 7.642243
-13.956955 1.761874
-14.427882 -14.142222
14.849816 -10.937641
-6.594005 10.698776
4.441703 6.877379
-14.100029 -0.861221
-0.845224 -9.042701
7.516266 1.729026
0.769492 2.491627
-6.602054 -0.929689
8.539455 -0.976135
-9.432177 -10.229457
-7.857074 2.094944
-7.113218 -6.886858
6.243406 3.623757
6.822991 8.985179
0.054226 10.518404
14.646009 -12.105674
-7.877612 -4.561919
-7.535464 13.976236
-10.734024 13.688547
-12.033920 -12.723078
-1.033481 -7.391072
4.429330 1.006374
-12.027564 0.158376
-0.156373 9.465615
13.706497 14.909313
5.153197 -5.806421
-0.562151 0.968385
-7.595229 7.212670
-8.605131 10.122231
4.912167 -4.810244
-3.885482 -10.675235
-9.077629 0.380520
-11.013464 0.909142
2.273968 9.481459
1.314369 -13.238291
-9.167139 -6.331580
2.153262 -6.996746
10.632544 -10.164988
5.093438 -8.459247
4.011856 7.797906
-10.750058 -10.480855
-2.622451 -10.255085
-3.793875 -9.548593
11.959845 10.730061
-1.273455 1.752755
-11.754302 -9.938427
-3.793653 0.737712
-14.335919 6.056511
-2.021082 2.472365
-10.109437 -8.074127
-1.023106 -14.795032
2.976593 10.318351
11.703563 -9.071974
-7.470811 -0.237536
6.204531 -6.541550
-7.066249 -13.156383
13.797662 -0.634122
-12.972394 -7.281450
9.489009 10.952400
7.511650 7.606375
-11.743871 13.493576
5.779663 1.080946
12.091421 6.831750
-6.562423 13.557190
-5.623054 14.324279
-14.300172 -9.151808
12.471744 14.606980
0.363310 4.084289
-0.420636 -11.099405
-4.463147 -8.517531
13.025501 2.440418
-9.620861 14.495151
12.410134 8.287351
12.292008 3.233414
-2.225078 9.068002
-11.343173 11.561581
14.319001 3.134708
8.825840 -9.076100
10.614153 12.460837
-6.541345 7.278041
-7.152848 -9.782945
-8.159126 9.157008
14.784466 0.936848
12.095654 -5.028353
-0.254765 8.137120
-13.867378 8.866801
9.654007 -8.266235
-1.869295 -5.653763
-9.772882 -1.803363
7.824036 8.730933
4.906964 5.138763
-5.413092 -2.841182
4.547680 -12.606286
5.729553 13.833203
-6.017653 6.390659
3.637037 -4.595308
2.278641 -9.075311
8.697765 -11.399680
-1.545628 4.858369
11.609926 -14.548660
-14.510284 12.322932
3.451644 -6.865179
3.887189 11.093669
-12.234154 4.876724
-7.867087 -10.674499
-8.476029 -9.611115
6.126900 -8.586381
-10.547051 -12.166298
-11.302588 7.020994
3.578612 -8.532137
6.529206 -2.161087
-8.491889 -12.792522
8.427621 -12.687719
-0.873089 -13.493717
-14.985479 -7.315680
2.737780 2.093193
7.652823 -11.794159
-5.343984 -12.067271
-14.889714 -6.270864
1.081142 6.329191
-13.154494 -3.463567
5.744273 9.021423
-0.464777 4.737601
-6.014140 -13.090491
3.665239 -2.760495
-10.715405 3.911058
8.668315 -6.807110
-12.997617 13.906589
-7.783873 -7.692573
-6.593274 14.740087
4.080507 -5.569508
0.981509 10.009827
-8.670413 2.684540
-10.990192 -2.541379
-8.345992 11.791326
12.155294 -8.081143
7.233791 -7.147052
-4.250821 5.608812
11.922752 9.530173
13.415938 -8.828198
-13.798783 7.009018
-9.087031 1.615266
-2.303979 4.042648
-6.374657 12.467833
7.969113 12.641072
-11.197157 -7.571493
9.306220 2.841758
-2.028203 10.509147
14.612252 6.098357
-14.308200 -10.216259
-12.253533 -8.145919
3.097481 -5.806867
12.100819 -2.100184
-1.609625 -8.248891
10.612420 -8.891481
-6.295304 0.097495
-14.348009 -8.150572
13.219644 -3.131770
5.635192 -11.751164
7.497373 -1.824843
0.790976 -8.659240
2.925807 8.715963
14.564503 12.985119
4.067861 -0.236494
7.081662 2.894929
-11.136158 -13.804797
-6.740518 -8.824805
12.643448 1.099978
-2.920349 8.331812
3.285570 0.630510
12.651283 -9.600349
6.844444 13.818032
12.033681 -3.288970
-4.961504 4.487798
-12.201318 12.533953
10.403000 -12.729253
-5.999125 -1.863511
8.330578 3.087863
-13.337998 4.960347
9.925399 13.964389
8.533753 11.550405
-4.261265 -7.476297
-6.644423 -5.832884
-10.266518 12.026143
1.609464 -0.925566
-2.226695 11.678117
3.130173 -3.717220
1.605029 -5.399419
-5.844572 1.287574
-10.106142 -9.194570
10.758336 9.985509
14.743705 -13.327644
-9.134092 -7.674862
7.875309 14.749065
-5.239353 -10.739957
0.023985 -2.282125
-11.297034 -5.215025
9.696167 4.581290
-10.930048 5.834227
-3.082801 9.790173
-5.052496 3.402132
-9.454120 -14.470590
-14.523888 -1.854553
-4.295743 6.928009
-5.257729 -13.817778
9.344790 9.826293
-7.090275 4.205272
-3.129724 3.399944
5.363451 12.245818
-11.788007 7.941461
1.834358 -1.913315
0.676728 5.262650
-10.055970 2.088823
-0.107365 -8.164607
13.557740 6.422500
-7.256490 -3.767611
-13.465964 -10.911293
-8.807303 6.425498
-7.987092 -6.263874
-0.946465 -5.236392
-9.449815 4.061343
-10.780076 2.897272
11.585878 -12.457980
10.564639 14.858656
8.985211 -5.814493
-2.464485 -4.260304
7.808010 -6.130257
9.206357 -4.380299
10.047607 -0.849505
1.796767 5.096159
12.830514 9.983130
3.395385 -9.524884
-6.511253 5.185706
3.150901 6.691642
-2.665787 1.191561
-4.953156 -14.898468
-10.112927 5.027043
11.931705 2.297674
2.296642 0.926933
11.894455 4.838962
6.903983 -5.690354
-0.162135 1.954464
9.138525 0.228917
-7.467836 -12.232107
1.914047 8.503727
14.199910 11.599217
-5.710728 -9.011719
-4.595637 1.403694
8.029582 -3.783770
-5.011228 12.136437
-5.520129 7.466457
-0.735577 -3.287501
-12.450800 2.224324
9.634679 -14.707706
-5.315212 13.361962
-9.975851 -0.118887
4.414816 -9.580843
-9.484182 -12.116820
-14.586860 2.783245
7.743863 9.788574
-12.397333 -13.667092
-4.203985 -2.031176
-3.322408 -8.390225
-13.253625 -4.573480
3.582421 -10.774102
0.062825 -6.926952
-3.397593 6.148540
6.004701 -5.027065
13.273796 -4.773257
-0.108107 2.994038
14.773678 -4.960106
-5.975386 4.278444
-5.038110 9.198624
7.458192 -13.068171
-2.848273 -14.520573
8.615715 -7.921796
-4.055040 3.952935
-9.895926 -3.192302
-8.330103 8.169807
0.307076 -3.266147
-7.677705 -14.737470
-10.646590 8.082469
14.578392 -2.843040
11.454498 5.855782
5.394787 6.138052
-5.182056 0.446045
-6.087907 -3.644175
-14.389504 7.832364
-2.220610 -2.627014
11.056184 -7.967045
5.655596 -4.026359
-2.992163 4.940662
-4.090481 -6.485864
