6.860131 -6.465721
-8.740114 5.476093
-0.405096 -2.164615
8.557931 -3.175350
-14.037540 -2.861174
-8.314108 -14.557014
5.573509 -5.722584
13.561620 -12.382026
2.832984 -3.785971
6.183690 -9.799190
-1.918650 12.422647
-5.602455 1.234944
13.704938 9.596241
6.588230 -13.535500
7.343057 -1.134731
-9.871334 -14.403092
11.474400 -2.439334
-2.488625 5.435190
-2.306037 1.518239
-9.433357 0.647910
-1.230188 -10.572477
10.074439 -7.180973
-10.211941 13.778275
-13.571432 12.917083
-2.057403 -11.401877
-13.908769 -9.695139
-6.768584 5.698443
1.254563 -4.996612
-0.619136 -7.182163
0.045561 -1.240848
-11.140229 -5.382667
-12.480793 -3.448290
-10.519976 1.276339
-1.342996 8.380796
-0.711950 -13.694804
3.018661 0.744314
9.663642 -10.627456
0.340787 -14.738761
-7.666094 14.505509
-3.804377 8.295606
3.249837 1.842014
8.437683 -0.781250
-10.783737 -0.954887
-9.553894 11.752022
-10.852039 -13.668324
9.300477 -2.436720
13.625917 -13.465283
10.394660 -1.961093
-8.598870 4.302479
-6.985148 -12.758705
-5.740190 -12.851267
0.907238 5.347215
-14.589773 -6.334584
5.269959 11.426224
-1.595504 -13.173983
8.416923 9.969302
4.371608 13.345827
-6.664427 -8.606811
-14.270302 5.080852
2.355628 -4.948717
-8.242122 3.365938
-0.738118 -11.517452
3.569445 -7.884091
-3.755027 -13.329968
-6.564035 7.902009
5.303244 -0.828696
-3.144748 9.201016
-0.607249 11.217038
-13.389779 13.918077
14.581494 -5.670550
-3.038246 -9.350069
-11.477029 12.694569
1.662974 10.377363
7.174399 3.901776
-13.445718 -13.037125
6.787461 -0.112321
-4.168546 0.073129
-0.001728 -8.029827
-9.044465 -12.748548
12.087440 -3.608186
-14.963330 -2.218299
10.371742 1.076643
-7.652947 7.473800
-7.966517 -2.648144
12.614049 -0.226931
-11.693947 3.205332
11.572446 4.699923
0.085014 13.474161
12.705636 9.420843
6.365753 9.386849
-10.535114 -9.764619
7.308143 -10.551084
-10.132301 -10.799686
-1.242361 13.177189
5.094589 1.666457
-1.058633 -14.796802
11.501363 -9.466782
1.367152 -11.556377
-8.812229 -0.942183
-6.896161 6.742970
-0.513231 -12.533949
-8.740945 2.411029
7.456280 11.973849
-3.417063 4.676367
-9.231687 -3.654042
13.509835 -9.380825
11.665327 -11.650903
11.699969 -14.271268
-5.338196 -11.651133
9.406805 -0.289959
2.555306 10.887767
13.151919 2.494345
9.830219 -12.051037
-8.896875 12.570388
-12.336857 6.924311
2.706035 -0.285165
9.936460 -3.710620
-10.903589 2.453847
1.600162 14.899834
1.908871 13.776856
4.663009 0.356046
-9.162883 13.584250
-6.835794 1.218960
-14.782028 -10.840207
0.435489 9.475302
5.887453 7.425643
-14.962905 -3.857103
7.482863 -2.237388
9.655419 -8.143513
-13.277181 9.905213
-10.726040 10.664782
9.773493 1.990505
9.516702 -13.266118
0.552495 7.551862
-4.781098 7.876640
2.314593 -6.316098
3.595077 -3.081385
-4.618100 -10.508441
-11.645321 -14.294416
0.522292 -3.295330
7.563490 9.297718
5.564686 5.679145
11.288981 -7.145565
-4.478497 6.689011
14.530355 -13.993434
-14.283524 9.548215
-5.451614 5.344989
-6.963640 13.677631
4.393055 10.551942
10.364306 -9.150972
-5.456030 0.162101
-2.209346 13.441410
10.908871 3.951580
-8.712895 14.493261
-1.757631 11.402234
2.527778 -13.765564
-3.238304 -8.178320
-4.047342 -4.882597
0.292264 -4.307796
-8.148446 -9.703330
1.915912 4.671236
0.423160 -6.855629
10.738365 -0.919074
9.720060 8.626078
-13.569713 -4.067262
-8.975948 9.489393
10.599629 12.240268
-6.535622 9.514934
-14.172203 1.395052
-5.360776 -2.122517
0.821497 -0.576640
3.981970 -0.445318
14.172985 3.218555
-6.518499 10.687480
-3.961390 10.214601
-12.350882 14.728650
-0.705367 14.225273
-5.069017 11.282644
14.442383 14.462925
8.564197 1.836452
5.330448 -12.997967
-13.824960 -5.520042
9.408544 13.339609
-10.176946 -7.825369
-14.780058 8.187734
4.114963 2.408283
-12.320453 13.421611
13.578765 -5.875252
12.098195 7.063164
-11.957585 -4.428423
7.181033 13.669134
-7.882431 13.190475
0.300032 10.680020
-4.057124 3.878011
-7.972047 10.649497
11.176291 -5.645434
10.916941 -3.511887
11.248984 1.972537
-7.377469 4.203223
-7.333142 8.562344
-4.487130 -12.526634
-9.612371 4.371118
-4.841958 -6.516320
-12.824997 11.030096
3.299774 11.633201
4.626190 -2.667820
-14.252251 -7.663916
-14.995788 11.176421
7.011584 0.949065
0.756942 -12.478520
6.894995 -4.343149
0.326428 -5.450730
-11.835214 7.831288
-11.051834 -8.318039
-12.829425 -5.683500
14.383288 7.505242
-3.263014 -11.420081
-0.407085 0.270569
-4.687609 -8.450905
3.294600 -10.186365
4.307825 11.903522
-4.416998 5.393975
6.898386 -7.754209
-0.814921 -9.424515
14.250460 12.147616
14.873673 0.189735
-11.458222 -3.455925
9.935508 6.148573
-0.645639 12.247229
-10.050283 12.719494
3.647192 -11.562847
-2.301110 -10.384163
1.652778 -3.993667
2.235123 3.716358
-8.069815 -12.396347
1.833519 -0.853980
-12.685345 12.346420
-7.677037 2.276167
11.113881 14.166439
-14.589429 6.820965
-12.120540 -7.198333
-10.912242 14.992326
-5.776626 -1.095637
-11.557997 8.900393
-4.952102 4.383279
-2.133368 -4.046277
-3.220374 0.475615
3.329600 -6.862548
2.261250 5.660911
6.428845 8.372190
12.483971 0.765276
7.808693 0.168590
0.159208 -10.022258
-0.271347 8.209836
9.046845 5.157776
2.583293 -8.060487
-4.820318 -3.083916
-1.483970 4.309254
12.386454 3.577658
-9.199997 -7.571596
4.669614 -14.303665
-11.510795 -12.404232
5.094292 4.729362
-9.528219 -9.627852
-13.045381 -8.996678
-4.575217 9.256591
-5.079220 12.812771
13.681259 5.822890
-10.672725 5.200103
4.594802 3.597389
6.698752 -5.405633
9.280463 0.830034
-1.489730 5.337073
8.690404 8.121167
13.670320 -0.458739
-12.178283 -8.224752
-4.211444 -1.895156
4.820197 8.116067
11.926819 -1.084286
1.325943 2.881913
-2.659808 3.805822
-5.950619 -9.380175
14.094081 -3.380166
13.231600 -4.787581
-0.120187 1.527909
7.466744 -14.036013
9.085631 10.755734
6.145172 -8.516393
12.618446 -13.065460
9.356691 9.608781
7.688901 8.250481
-1.177572 -8.276855
1.590842 6.543239
6.200190 13.308714
-1.523003 -6.700827
-11.919264 4.399945
-1.284485 1.873218
-8.194449 -7.441859
-13.254116 4.877317
10.076327 -5.995329
-8.671770 7.313008
-11.695298 5.469975
8.252519 -8.830238
10.610264 -4.555313
-4.253059 13.524486
13.060055 -1.273300
-5.765445 -4.180511
1.227820 8.812083
5.330001 -10.338924
10.559421 -13.619231
-8.062020 -5.802868
5.725398 -14.106957
-6.473575 -11.878141
10.326031 2.985472
3.841193 6.779831
-11.300233 11.503243
0.426405 6.366353
7.772222 14.746522
-0.899490 6.233473
2.335703 -11.805847
-2.717541 10.706380
10.020728 11.260458
3.224507 -1.311551
-8.897523 -6.522339
5.726208 -3.508584
-8.539439 -4.375899
-4.127062 -9.398932
5.767309 0.179435
13.572244 6.888011
-3.562216 -2.687279
-10.453442 -3.833599
-3.097304 11.992800
13.156532 12.178870
0.364031 -11.528072
-11.983326 0.719532
14.099749 -11.300340
-5.670978 -10.375895
-14.043202 10.832882
1.889847 -7.263030
8.622120 11.692857
4.304058 9.428419
14.872219 1.995709
12.552227 -5.771292
0.644450 11.849216
0.915358 4.300184
1.732666 11.503102
-13.743338 6.241428
10.469095 0.046676
1.500209 -8.334469
-11.049221 6.548979
1.490294 -2.030085
-0.662762 -3.723111
6.536782 3.116178
-6.685604 -7.436289
13.657163 -14.806969
12.365244 1.774462
-13.853212 8.577219
-10.284598 9.666337
8.384915 -13.188230
3.285668 10.144245
-13.918846 -1.570992
8.961952 6.626827
-10.082638 -2.816571
2.094606 -9.396242
10.657196 10.168277
5.273920 13.818016
4.248461 -10.727954
7.224656 -3.386245
4.274822 -8.846122
-13.371830 7.530306
6.997373 5.164551
7.392420 -12.858978
-13.103829 0.468256
-9.640518 1.809560
10.730033 8.891110
-3.302159 -10.420520
0.915854 14.035450
6.658087 6.377781
10.977955 6.674518
-5.924671 11.846834
8.066668 6.049935
-7.770316 11.853507
-11.147930 -6.798824
-7.478853 0.333938
-1.321595 10.475966
14.729184 9.353255
-5.715351 14.201364
5.115752 12.540160
-5.675401 -8.067888
-9.479123 6.252996
-9.116690 -5.386139
-11.745759 -0.403548
13.803489 1.660524
10.852040 -12.255509
-1.648143 7.326496
-13.385541 -6.651613
0.667711 0.413002
-1.591349 -5.539181
1.890131 0.317851
0.299104 3.508404
2.330418 8.086035
3.018650 4.767154
12.838334 -14.162052
3.359879 5.903246
10.549546 -10.155342
-14.564080 -14.988686
4.167271 -1.692529
-12.807969 -9.982585
-4.715460 14.617228
4.363807 -7.056102
4.317346 -3.833896
-1.310483 -2.749715
5.383765 10.260663
12.095595 11.716491
-7.978154 6.466585
4.024431 4.552607
12.473962 -8.920114
-11.742393 -1.488374
-5.096741 -13.761576
8.053892 -6.935711
-5.687788 7.352074
-2.708238 2.441200
-0.713853 -4.821321
-11.862115 1.913343
-2.655667 8.028217
-3.171693 14.131491
-11.900676 -6.097248
1.258415 -13.893541
7.014797 7.500295
-6.952666 12.429877
-5.599371 8.585564
6.425245 1.820068
14.276618 -1.491520
-4.671533 -4.086379
12.713264 -10.116666
5.603677 -4.525187
3.288750 3.430545
5.315117 9.097070
-5.866796 -6.610128
-0.542834 7.227641
9.542645 12.257676
-9.419729 8.397288
-10.534947 0.123007
13.809934 13.601971
-9.815151 -0.612311
-7.147696 3.147294
-8.512255 0.020143
3.510251 12.734672
-14.833063 -0.954935
8.578084 4.119709
-9.710663 -1.613591
-2.670669 -1.940383
3.843842 14.979623
-6.526763 14.794323
-14.065019 -13.829734
10.518430 -11.171313
2.229578 9.452700
-4.444269 -7.464674
-2.376826 -2.979206
14.361601 -8.544613
-3.346236 -1.053645
-1.749660 3.248147
3.493868 -4.553753
-3.480702 5.767325
-2.465002 -6.080514
12.647641 4.931957
-12.033103 -2.542915
-6.794522 -3.984207
2.126506 -3.056588
8.461877 -14.363101
5.286903 -9.127439
-2.381022 -7.353683
14.241734 -6.638321
-7.698185 5.253508
11.621719 -8.356953
13.813771 -2.410446
2.242220 2.444262
-13.028075 -0.659209
-8.529416 -10.839253
-11.464974 -9.376728
3.244650 -5.576797
5.457543 -1.889516
-6.364119 -5.011185
12.683322 5.985031
4.357900 -5.980844
12.734631 -11.709961
-8.564948 1.243431
-10.023357 -12.999221
2.763821 -14.953078
-0.487521 4.168661
-11.888996 10.665768
5.063786 6.581606
-11.196641 13.983474
2.611533 -2.177922
-2.207096 -0.879197
-13.708819 -11.074776
-13.110201 -7.647499
-10.967040 -11.515915
7.089369 -11.681066
-10.140446 7.092046
-12.989356 -2.096920
6.041033 12.072343
13.292765 -6.990190
-4.816046 -0.745421
-7.676236 -11.448304
-12.855190 3.959583
-14.043362 -0.044024
9.603734 7.602896
-1.230592 0.860860
-2.993103 -4.711474
3.998892 1.131635
6.672141 14.563667
12.227826 -7.538527
6.378699 -1.434621
-7.887681 -1.619978
6.352132 10.932057
-4.401310 1.209113
8.440729 -1.869237
4.640290 -4.846030
-0.428372 9.988720
-8.662350 -8.702826
14.437759 -12.871369
-8.386192 8.363356
-1.832686 -9.428147
-7.476161 -4.829047
-10.548916 8.605731
13.975224 10.926907
5.078502 -11.705964
-0.793169 -0.663672
14.009802 8.537088
-13.548941 2.866153
14.834400 5.989888
6.085338 -11.265252
-12.636035 -11.927377
-7.674860 -8.419717
5.971603 -7.208275
0.307756 -13.478325
-5.918370 2.738090
-13.946534 3.971926
13.159129 -7.997709
-14.369894 -4.677020
-4.279944 -11.450529
8.056826 7.310983
-6.459689 -0.010061
13.000806 7.723403
8.352952 -12.112592
-0.588915 -5.970267
-7.782942 9.619081
13.101496 -3.571475
14.910942 -11.920108
6.302699 -12.448588
-9.422637 3.145836
7.432009 10.697462
11.664601 9.852900
3.089036 13.806498
-3.183079 -3.689191
11.522010 2.942621
-7.379641 -0.678531
-1.741362 14.420478
14.865624 -9.569340
-5.279006 -5.308102
-14.484568 -12.820963
2.556343 12.433434
-1.914672 -14.194921
0.288906 2.481075
-12.780409 8.447019
-10.758093 3.806863
-14.508421 -8.653593
-10.011424 -11.909327
3.827722 7.896551
10.563446 -14.683644
-4.906010 2.120861
-7.240994 -14.440861
7.491104 1.915680
-9.421604 10.722716
-14.616443 13.931661
14.790211 12.993193
1.067815 -10.484811
-3.252112 13.126449
3.593886 -13.982836
-3.668114 2.910896
1.621275 1.417340
14.908892 4.151760
-3.186941 -14.658720
9.832676 14.330862
11.652646 0.059993
14.061816 -10.216874
7.989936 -5.911609
14.397853 -4.678754
9.205993 -9.356401
9.400523 -5.035704
-12.641359 -14.042134
-4.026953 12.480403
11.563375 -13.198765
-6.102753 3.730545
12.790857 14.674212
5.932238 4.121066
-0.747954 2.923556
-4.959804 3.171520
1.320626 12.673927
-6.763767 -10.723844
13.701951 0.628795
-12.886691 1.531022
6.479306 -2.693545
-13.582501 11.871585
8.711423 14.316462
5.264858 -7.945899
-4.043781 11.416404
-10.160214 -8.826812
-3.433067 1.477862
-7.801377 -3.645845
6.992695 -9.058238
8.899018 -4.148999
-1.614734 9.493393
5.669389 14.757595
-0.334995 5.266514
11.543640 12.650156
3.133610 -9.064198
8.015829 5.022334
-3.810232 -5.946593
-3.619844 7.228193
12.641640 -2.249865
3.111730 -12.671785
-12.358697 -13.044743
-1.333848 -1.623850
-2.170254 0.122184
1.306800 -6.163055
8.337903 -11.016994
3.328979 8.946686
11.429714 10.858183
9.741134 3.839276
-10.863791 -2.170228
5.288751 2.840274
10.550783 5.069648
-5.540069 -14.731638
7.890646 -4.663631
-5.271055 10.152367
-12.173863 -11.036627
14.400798 5.085607
4.226225 -12.834296
8.861255 3.148572
-9.011881 -2.510328
-11.345379 -10.404915
12.901000 10.776779
1.068916 -9.392223
2.311079 -10.419414
-6.263538 -13.787518
10.619676 13.284615
-9.839870 -6.126847
-14.600123 3.181881
-7.545953 -6.662170
14.741294 -7.611961
-6.386203 4.761665
-14.572091 12.199765
13.471030 4.332522
-2.201577 -8.374180
8.294485 12.751533
-6.821691 -1.649782
9.002845 -6.213516
-2.496784 -12.599021
8.581616 -7.800012
11.989137 8.445529
10.685368 7.757849
11.540694 5.811104
12.118498 13.768852
-6.079283 12.955125
9.590694 -1.326690
-5.737649 6.324364
9.551242 -14.355721
-12.722025 5.979087
-4.321237 -14.409002
-6.927544 -9.665241
1.851288 -12.959835
-6.777822 -5.921872
11.809825 -10.592016
-3.530139 -6.935132
4.469374 5.647490
-8.327961 -13.529199
-6.772554 -2.785202
-2.563133 6.573102
7.787630 2.943259
11.759750 -4.691557
