12.194780 -0.159952
-8.024265 13.462392
-13.562058 0.589855
-2.568463 3.621886
1.474643 12.932983
-7.390009 -9.115445
0.633911 5.013619
-2.674720 0.193083
-14.725553 7.495321
-7.137402 -7.105914
11.635176 1.009594
-13.070384 -6.449689
-1.725306 6.032014
-2.787907 -4.682809
1.403710 8.725140
-3.647679 -1.652448
14.683087 3.114082
-12.686137 7.262570
-9.201316 -5.880519
-3.279793 12.831320
-3.321270 8.636592
-3.772479 2.393177
6.190158 -9.220692
-7.935189 5.985220
-0.607603 -1.985283
-7.798234 0.444995
7.497364 9.476524
10.666312 -11.921061
12.828640 -6.837819
-8.250485 -2.987743
-2.811165 -13.562419
-1.540469 -2.706607
5.735882 6.218507
-0.937250 8.005889
9.610097 8.166655
-5.018738 -4.364855
9.724645 -2.804849
10.599045 0.718368
8.769641 11.112139
-3.988412 -7.838814
-10.175266 8.018431
-14.538975 1.066615
5.511722 -12.566532
13.200512 5.508233
-6.119857 10.880682
-5.169426 -14.794801
-7.011141 -12.531231
6.868052 1.851567
3.132192 11.895151
-10.072778 14.392929
-5.296916 -0.816074
-7.128179 -14.510767
7.393849 13.858041
1.099371 1.474794
12.631192 -14.834378
3.248121 8.658968
-9.326472 -2.191045
-9.276763 -3.262939
0.211729 -6.270405
-4.302010 -11.992687
9.792168 -6.204785
0.806567 3.516032
7.213359 10.542734
11.662550 10.343975
-14.506505 -13.371515
-2.194549 13.517831
-11.678663 -14.082496
5.530359 1.232282
7.792010 2.354726
12.829904 13.577021
-10.659829 11.961159
-3.936041 7.278872
-3.721927 0.600549
-6.879032 5.728071
1.465520 -1.881057
6.192789 12.719717
-10.719627 6.062878
-5.548680 5.367465
-9.096128 7.916866
12.418322 -8.908965
5.393943 -3.492591
12.225056 -2.853037
-6.526624 8.803343
0.115511 13.017643
-14.180912 -3.022717
1.639590 -8.185022
-10.511067 -11.237793
5.709427 4.400800
-10.821074 12.988314
-1.895759 -7.102055
-11.551309 8.744058
-6.821166 -8.177354
-2.844025 6.938421
-5.078736 -7.689139
4.268618 10.346218
-1.690169 3.044311
-10.954488 10.909441
9.598766 -11.305397
6.950930 6.040587
11.803245 -11.038959
7.596367 -2.880785
-2.774037 -5.902827
0.949796 -7.012191
-13.339933 -2.408749
12.834537 -4.349487
12.054397 14.318181
12.264663 6.104116
-13.936211 -8.299891
-7.197211 6.761852
-6.006574 -6.375037
-0.928893 1.737920
12.847719 1.319424
12.557189 -5.631046
-12.167731 0.822915
4.481937 5.985195
-10.709694 -9.120044
14.424454 -5.143213
-1.368761 -9.005344
3.706491 -7.591338
-0.457883 12.180757
9.528380 1.799155
-2.582208 7.917185
13.735655 -12.285934
12.938850 7.521078
-1.851385 -1.210976
-11.961574 2.859320
1.170929 7.137072
9.567230 -5.073811
14.620730 12.409539
3.081298 9.805628
-3.376453 -8.741608
-7.952321 -7.758678
-4.515123 -8.768762
9.702493 13.625756
-5.861154 3.228637
2.689194 0.000701
-9.515801 12.296419
-0.602470 0.235192
-11.021012 -0.982465
1.511186 -9.210990
-11.795337 -7.571784
-2.659159 2.590182
5.685680 -10.121646
-5.920572 0.230900
-14.794974 2.108504
2.646208 5.336476
-4.885473 -2.827997
-8.644153 1.240004
0.480286 -3.562334
-11.367710 9.750478
-4.005099 -0.555049
-0.710613 -9.758893
0.260391 -14.867122
-1.778501 1.079147
8.083621 11.851932
8.222019 -13.996137
5.036183 3.528734
8.885910 -8.103476
4.080407 12.435201
-3.276111 -10.817937
-7.017374 14.333918
-2.368775 -11.318938
-9.851612 11.016886
8.603976 -11.938054
8.440152 14.023360
-0.709751 -14.545826
-2.704082 9.722951
-10.786354 -14.590327
-8.061223 -6.326728
3.579505 -9.883786
-3.341425 -14.432191
4.492185 -0.169030
-14.480922 5.277714
-14.947569 8.475661
-11.588668 1.797984
-4.325583 -10.917851
-7.448570 12.217523
5.515839 -2.396880
-14.652590 -9.096096
-13.421789 -13.112606
-8.146759 -12.132907
13.217924 -0.520329
10.515687 -4.197378
-8.048220 14.693086
2.188233 -4.646650
-7.572866 2.875132
10.792817 -6.069317
-4.535084 8.344950
9.145531 -1.260057
3.425895 5.999743
-8.234628 -1.617473
11.555111 -9.889288
-9.063598 3.339748
4.020689 9.318871
-1.568288 -0.038156
-14.658776 10.581543
-13.285799 -5.256272
6.160415 14.036282
1.183686 -5.627371
-13.701710 8.682855
-11.640332 7.395590
8.268450 4.649180
-3.314174 13.947284
-6.174618 -14.928552
9.785690 -10.041608
-9.684524 1.022540
11.497013 9.353637
1.859635 2.222271
12.752773 -13.812785
-9.375349 -14.844074
10.622239 -10.823322
7.202695 -12.004141
14.823563 -14.354227
3.699717 -0.792057
5.125688 8.642751
8.527502 1.518690
-4.752741 2.693295
8.500819 0.238250
0.435035 -7.952070
-10.113530 -1.541458
8.350712 7.675773
-9.152561 10.201119
2.018972 -1.042749
4.622069 -9.426498
-14.233731 -12.178694
9.920411 11.726643
13.827314 -6.988084
4.670831 4.469886
14.232737 -13.436468
-6.726536 1.064882
-8.617088 11.075230
3.767119 -8.623238
5.260241 5.307352
-6.779964 13.151348
10.744530 -2.491128
11.193970 -0.130897
-14.654241 6.323223
14.321644 1.331252
7.819295 12.941064
-11.558560 -10.827811
13.279755 11.650856
-11.076625 3.453780
-3.952762 3.430740
-2.094291 -14.360113
11.042612 3.153397
4.568491 -1.580599
3.431975 -13.537783
1.247213 -10.275980
4.427765 14.233617
2.265295 -11.222407
-9.693370 -9.116291
-5.684520 8.116220
-1.378916 11.541775
11.641932 -14.659782
-6.967361 7.794553
-10.695471 4.962589
-7.043365 -0.289363
-5.708030 -8.532555
-1.541070 4.336613
6.101950 10.349271
-11.968210 -0.361103
-8.717121 -4.751068
2.505637 -10.179177
-10.292640 9.991613
12.712567 9.462267
-4.939480 3.731789
2.877136 14.457292
-12.055938 -9.061838
-14.156673 9.609677
4.379117 11.359903
3.327324 -12.426078
6.163391 -6.879652
-8.044911 8.128901
4.739479 -4.883076
-11.128002 -4.718730
-9.875737 -5.023859
1.589003 -2.923095
-7.203707 -3.235365
-4.038667 -5.474379
14.268827 11.383309
4.634414 2.103649
3.476983 -2.979920
6.472707 11.317901
5.358270 11.087185
-12.198018 -5.596391
13.150317 -8.076729
13.877506 9.235894
-6.885545 3.832042
13.363301 -9.409119
-13.210855 14.873183
-5.336912 -13.743124
-11.136624 -3.290588
-5.300715 11.621730
-0.670369 2.948788
12.075387 -7.570239
2.575161 -2.335586
11.299604 -4.878961
0.795627 -13.676592
0.369986 10.229771
-10.019087 -6.801511
-13.641085 10.533841
-0.355241 7.149506
7.999740 -1.785835
3.629767 0.442633
0.256675 -2.547840
-14.673310 4.116160
11.125305 6.261914
10.013341 2.965544
-4.522860 12.378035
-10.980724 0.157120
-12.927216 -8.003375
-9.618167 2.223711
-9.309077 5.897958
-6.054168 -2.224054
12.505504 -10.211854
-13.812838 1.909849
-0.308017 -10.927382
-14.446347 -10.683575
-11.744770 13.478932
-1.686672 -10.396032
-11.645332 5.350380
6.294908 5.215947
-5.701252 1.832254
6.328795 -3.017701
4.750704 -14.251125
6.835794 -6.038063
-9.612114 -7.928457
-8.385756 2.262285
-1.308464 9.573446
6.736521 2.944282
-0.506138 8.919154
-12.278539 -4.562786
3.952191 3.386669
-3.504619 -3.007937
9.138883 14.940494
11.016156 13.616871
13.539992 4.428885
-2.456917 -3.201122
-9.146471 -0.954029
6.408057 -14.658301
8.307937 8.872347
3.460451 1.798633
0.523805 8.062097
2.656792 13.078635
10.676567 10.782834
1.755033 4.755992
9.258955 -13.826981
1.349762 -14.963820
6.804443 -10.068060
-9.684735 -12.077572
3.836648 -5.328878
13.850875 -1.301460
5.490779 0.042637
9.252182 3.771016
-7.438986 -13.471333
6.187795 -7.973174
-14.648071 11.620781
6.657706 -12.852368
4.919366 13.239235
3.666310 5.025476
5.040058 7.443014
2.607690 -5.561034
-7.344840 -2.216575
-4.568060 6.386844
9.644402 10.622796
-8.535060 4.969546
0.516098 9.231960
11.205316 5.013711
-3.551770 10.282549
-14.716452 -4.443823
14.013126 -11.316793
-1.961558 10.507295
4.634837 -13.137221
0.807391 -11.454302
-12.551519 4.912713
14.586562 -9.803021
-6.372418 -9.390917
-9.007558 0.202959
14.229440 -8.757384
-6.569588 2.512938
14.768407 -12.585494
8.812656 2.640648
-10.738103 -7.855340
10.870762 -7.148744
7.170935 -8.287991
-3.835730 -13.200910
5.288393 -11.285774
-13.180127 5.869837
5.340699 14.825415
-13.121276 3.882050
13.683515 12.788871
-8.562176 6.849777
-5.314882 -12.323377
-2.782729 4.654059
2.447347 -3.666421
-12.643528 8.345036
-4.800331 13.545335
-10.075162 3.837797
-13.534399 13.526477
4.965803 -7.506620
3.117947 -6.450257
-0.903636 -0.803728
8.748098 -10.490708
-7.615895 -5.028639
13.201261 6.524807
8.727040 -12.970628
-12.303702 10.441989
1.030416 -0.744446
-5.949704 -4.897283
2.443211 -12.933593
5.110194 -8.539625
14.485421 13.480151
-2.749535 11.287736
-1.486979 14.369635
2.254126 -7.031328
10.863576 7.295700
10.775024 14.617996
-8.080332 10.177907
-0.871220 -12.404475
6.513392 0.814315
-5.755510 13.051309
-9.999109 -0.237075
13.984910 -2.535317
-11.106081 14.418444
-8.352015 -11.105405
-12.854177 -14.137437
0.391310 -12.692512
6.614345 -11.063160
2.784227 -8.149474
-9.761336 7.045460
7.651004 -7.311879
-12.671391 12.487428
6.185120 8.043874
9.519964 -3.788768
13.001801 2.317424
0.293664 -1.456611
10.071522 6.672056
-14.082862 -7.186837
-9.059369 14.126210
-9.554441 4.901093
-3.547426 -9.805788
10.496041 4.158730
-14.475243 14.143806
-2.642787 -2.061329
-0.670705 6.137993
-1.279783 13.020972
0.750195 12.185184
-1.657728 -4.311196
-12.808984 1.592094
-12.758373 9.353182
-1.240219 -11.453921
-13.036256 2.871002
9.202047 9.595167
-6.557451 -1.170452
-6.896679 10.040731
4.602539 -12.075358
11.810809 2.489726
8.265840 10.247093
9.016831 12.415205
10.705041 8.312498
14.772047 9.723608
-9.294842 -10.419354
8.324036 -5.038287
1.920842 -13.997364
2.235727 10.713019
6.601811 7.016684
5.917197 -1.266371
-12.776340 -3.248797
9.782939 -12.395363
-7.084694 -5.936531
-2.415507 12.309331
10.066547 -1.751360
-13.978030 -6.027818
-3.904827 -4.215721
-8.484233 9.241940
-8.296549 -9.689021
-11.648359 12.401330
-9.504831 -13.097468
-8.135721 3.988468
-4.754690 10.645980
-5.099701 -5.443877
-14.136847 -14.388420
-14.237450 3.176232
2.995192 2.794355
7.142562 12.204198
4.130485 8.048832
3.598339 -1.963406
11.279178 -3.434092
3.360741 10.858519
0.391649 6.343975
2.346055 9.123301
-5.973676 -3.816229
-10.561023 9.008188
-2.103841 -12.388468
-14.534343 -0.024753
-12.322583 -10.111081
-10.299728 -2.635291
10.161530 -0.567243
-0.403627 -8.565282
-2.852190 5.846602
-5.010030 -1.778040
-0.408482 -7.337035
-11.285299 -6.589103
7.128505 3.937050
14.428280 0.095489
5.186691 9.908161
10.466859 -14.390744
14.810203 -3.473350
5.574805 -13.614732
6.435487 9.207681
12.149182 12.468669
0.463807 2.392961
14.911322 -7.834423
1.324990 9.861698
-6.398791 12.100472
13.468304 0.476317
-10.753217 1.216074
-1.096195 -5.311115
-3.696358 -6.530829
-4.789100 -6.650943
1.321363 5.938668
-9.509334 9.251301
13.582248 -5.873490
-3.693096 5.264829
-8.407144 -14.290158
5.964593 -5.516439
-5.848603 14.093905
7.374295 14.892879
3.975513 -11.257413
-6.889995 -4.257650
-9.614184 13.292295
2.569608 1.173314
9.245315 -9.135295
-7.295577 -11.540015
-0.780726 -6.407699
-5.304375 -11.252981
13.146539 -3.318654
-13.793259 6.854918
5.378338 12.101580
4.501019 -2.599195
10.963516 -1.290440
9.943789 -7.891634
-4.666389 4.865925
8.244731 -0.793816
-7.474310 9.148946
11.873171 -13.203694
-4.149035 14.764550
2.067739 6.670774
-6.226802 -11.827038
11.921934 7.115799
7.303151 4.989750
3.749943 -14.786919
7.836254 6.735267
-8.414717 -13.107512
-0.601925 -3.246145
7.059411 -3.778395
-8.989872 -6.934233
-1.582631 7.067935
-11.820700 4.194943
-6.424140 -13.649156
7.062801 -4.886499
-11.978197 -12.910403
10.267594 9.604003
12.754658 -12.644146
-13.670954 12.097767
14.584477 4.791914
-5.828742 4.392259
-2.441709 -8.331007
4.077486 -3.808979
10.649009 1.846301
-10.400317 -10.082274
-13.571548 4.808206
12.294332 -1.519396
-7.343023 1.870129
12.005583 11.408300
-0.276453 14.034950
14.606802 14.543985
-4.833019 -9.996898
1.247719 10.929765
0.804152 14.054149
-0.968944 5.170988
5.153699 -6.107189
-12.966507 -0.631849
14.033882 -4.172576
-8.565207 -8.639815
11.245768 -8.327012
-4.736524 0.201312
13.810245 -14.621473
-14.373575 12.976433
-6.081969 -7.449913
4.202293 -6.682214
-12.116316 14.514753
2.939225 7.185432
10.206090 5.648296
1.266615 -4.189547
8.007431 -9.787532
-10.636754 2.373064
-7.222561 -10.468274
0.457722 0.149523
9.497534 0.675709
4.484553 1.056748
14.921727 -1.069837
12.392521 8.485723
-14.896872 -2.301178
-5.979257 6.370308
14.152047 6.139636
3.202891 -4.397756
7.179933 -13.954226
-11.317199 -2.142838
1.897844 14.116732
-7.893901 -4.052424
-13.351060 -4.214661
8.345892 -6.105352
-4.537773 9.479797
-3.937825 11.336658
14.747274 -6.474003
-7.503151 4.836230
7.394675 8.096516
0.235244 -5.210129
6.135535 -4.314640
8.733473 -2.492436
-2.958736 1.541565
5.534060 2.615294
10.698597 -13.016858
-2.796075 -0.808733
2.827920 -9.155684
12.780395 10.759721
-3.286819 -11.843725
0.107596 1.344370
1.768951 11.874957
-7.386020 10.998894
-2.983261 -7.437129
12.425224 4.869049
-6.117145 -10.583655
13.374530 14.438463
8.971980 6.546517
10.755455 12.286376
1.640262 0.400887
-12.894886 11.379660
-0.619735 10.454114
8.357488 -4.023082
-2.404177 -9.418907
7.521988 0.736763
-4.400130 -14.133819
7.797319 -11.107486
-10.596439 -5.779167
-1.474816 -13.438288
-4.755470 1.446923
7.696481 -12.994594
13.511575 -10.409137
2.205234 3.594295
8.072227 5.703213
-2.647659 14.755203
-10.461543 -13.466039
-0.435717 -4.379927
11.830845 -6.476001
12.897945 3.571252
11.716195 -12.173596
-13.665574 -1.435635
0.087109 11.250897
-12.881737 -12.260654
6.459764 -0.220489
-12.074570 6.410568
13.781048 10.494107
8.846993 -6.987860
-10.712538 -12.430993
2.935140 4.334409
14.188781 7.546427
11.720050 4.042773
-10.030161 -4.013091
8.100759 -8.791251
0.362267 -9.792280
-0.150978 4.381920
1.499850 -12.498048
-11.869582 11.374091
9.302844 5.111432
-12.346486 -1.877695
-0.381087 -13.598265
-13.594533 -9.897675
3.933687 7.010910
-12.637761 -11.089642
-8.221600 -0.498045
-1.403053 -8.004877
10.358154 -9.018603
6.800995 -1.802958
2.154648 8.000875
-5.542833 9.932779
3.644255 13.515479
8.222005 3.539298
-1.927770 8.744610
