5.976776 3.424774
4.429329 5.405887
-1.899701 -4.913746
13.652822 -11.319537
4.274381 -1.115716
-12.817002 -12.229861
1.731759 -0.863963
2.405852 10.868305
-9.463297 0.394816
4.687400 3.814007
-8.815179 -8.267173
-7.053473 -4.958927
-10.868839 -8.818616
13.180076 0.811444
-1.646308 -10.049454
10.608076 8.219475
-0.474044 10.443447
2.779250 3.105207
-5.911118 -8.219721
-9.122328 14.580602
-1.764354 -2.887018
3.847056 -10.561623
0.182598 -4.116804
2.880580 9.317848
-6.563017 12.597691
3.753091 12.832470
14.136482 -13.331414
-1.841580 8.644286
-8.129645 5.426489
-5.677428 9.415508
-4.222384 9.112115
-1.362429 4.851287
12.532315 4.590897
-4.754718 4.349256
-14.693857 -7.274406
-10.212310 -9.888084
14.226231 4.836200
-0.473410 1.184386
-9.260267 -12.479793
11.002886 -1.178562
-9.448723 5.314389
7.462773 -3.935276
-14.089545 -10.689523
4.584302 -2.114734
-11.525602 -1.531726
-0.020185 -14.008154
5.367682 11.341932
-0.684056 12.810202
7.315342 6.114324
8.061369 -4.940406
-13.542489 2.933764
-9.287346 -10.294999
5.331270 -5.014071
-2.289163 -9.048908
12.388848 -11.397487
13.541366 14.633326
-5.778114 -6.892142
-10.540518 2.374283
4.839320 13.058288
5.381412 -12.377883
9.943982 -0.992272
4.390020 -6.212135
2.223389 -2.958757
9.605098 8.464742
1.154719 -9.970776
11.516385 -10.684372
-0.699345 2.487826
-7.195216 -2.620997
0.716337 6.826842
13.462426 1.806848
1.219702 -4.424391
0.762241 -9.016346
-4.807315 0.677667
3.404903 -2.282020
-7.182826 -11.635300
7.425011 -8.813260
0.798797 -14.656978
8.235566 -11.491937
3.074910 -13.884456
-9.358134 1.670817
6.511476 4.350823
-14.645871 12.994766
-10.000558 -6.324314
3.820831 8.219176
-8.628747 -9.385622
8.539312 -3.864330
-8.140703 0.644586
12.610258 3.076039
12.551809 -3.242896
-10.976049 -7.820262
5.588605 9.310936
-4.344953 -4.258263
-0.627023 -10.016284
0.516662 8.010127
-12.171980 -5.205013
13.437325 4.018171
8.892633 1.090067
2.660038 12.899854
11.559217 8.735641
-13.591779 12.784513
3.366153 -6.385691
4.726310 0.132188
-13.873777 -8.412921
-0.873019 6.211419
-10.475318 11.757652
-3.752387 7.992636
4.279387 -12.385309
-5.112206 -2.613102
-2.958345 -6.475830
-11.339155 12.345765
6.697161 7.397926
10.075335 -13.218934
-1.674803 10.600170
-7.144128 -1.544292
14.484295 -1.384366
9.902963 5.714975
14.760913 -11.251140
-11.745697 -2.787387
-14.005787 1.668757
3.567022 -11.608647
-5.576784 13.172758
13.552128 -7.015584
9.053926 6.519608
-3.539417 0.425268
-10.250228 -1.438844
-9.070679 7.421633
12.466103 9.783068
11.396979 3.629661
13.731625 -3.442380
-2.141862 11.918135
-2.583556 -10.517860
6.030511 -14.447858
6.501756 5.493060
5.962916 -11.212666
14.507902 -7.954489
14.177766 -2.507430
0.663231 -7.352509
-1.896456 2.697456
-7.922197 -7.175161
4.605656 -14.561594
-3.330706 3.815271
-3.049249 -12.806221
-11.778929 11.212350
-6.929544 -6.606835
4.853682 8.622223
-3.372026 -13.858603
14.282262 -9.349935
8.039166 7.044563
10.496269 14.971226
-9.459073 -11.283724
1.316640 -5.537898
-14.294838 10.078097
-11.699180 1.743415
-13.462315 -3.590386
-3.693203 1.456154
-2.402543 9.639073
-6.266752 5.954280
-1.088286 -8.902280
6.989215 -11.496376
-0.644967 -7.525951
10.285410 -4.897997
-10.844689 10.726717
-2.588732 4.659928
-10.259295 7.257777
3.061372 4.317184
6.951178 -7.916577
-3.380775 11.931618
9.971526 7.166099
-11.574635 -0.377558
12.123351 5.511936
-1.149441 9.482009
14.400509 -4.302496
-2.714420 6.693724
12.256600 -4.267272
-0.534776 8.119847
0.950077 -13.601070
8.483424 4.205317
-13.482396 -1.992679
3.346638 -7.688596
-1.682345 12.984639
-6.671286 -9.043678
-14.229123 7.468332
13.155583 6.540844
-7.233068 1.175432
-4.602918 7.287146
11.200021 -8.010479
-4.577712 5.501150
-2.684195 -0.252974
-11.196923 7.730253
9.250227 -2.898715
-8.727422 9.629297
-5.007718 -1.591981
4.603200 -9.641690
-11.186003 -14.526912
11.056595 5.213094
-7.959767 7.404331
13.370554 -4.808925
12.791833 11.253019
2.419830 -6.052907
-12.975909 -1.126972
-3.558391 -9.793791
-14.028298 8.849663
-8.605985 6.525270
-14.899858 2.199527
14.391961 13.336116
7.037313 -10.121244
-6.099385 -4.609194
10.744169 10.838124
2.242871 -4.024737
-4.109664 2.741560
1.385931 8.747044
2.194989 -5.046350
-13.055201 -13.546777
-6.921277 9.588901
-0.485786 -11.186521
13.266420 13.602607
-6.280524 -2.096985
3.019254 -9.244030
-13.962068 -14.250610
-0.850763 -4.132426
0.479619 12.334222
13.226312 -9.546754
10.332397 4.179233
-3.848189 -7.567089
7.990463 12.457592
-14.662494 -3.578840
2.378895 -11.797494
8.993735 -8.345234
14.516030 8.657185
-8.987654 -6.824275
-8.185741 -1.744407
5.573305 5.064804
14.375804 6.013114
3.616373 13.864737
-3.650930 -10.918175
-7.141611 11.604771
11.231652 -12.878993
7.397590 10.796080
-1.493981 -11.051995
9.559657 -9.628544
10.449518 -12.105344
-9.462546 -13.502155
8.066704 -2.857445
-10.164191 4.432484
8.087875 -14.417767
-8.256076 -4.600305
10.193709 11.720382
13.190895 5.536419
2.760834 0.640298
13.385282 10.397735
-5.799662 -3.472682
2.603817 14.381754
-3.791615 12.960544
-3.378501 -1.456736
6.494390 -4.334487
-5.344971 -10.813996
6.300079 14.392687
-5.277232 -12.695388
-12.140700 4.206441
1.602981 12.665867
12.007624 -9.697299
0.249547 9.427865
-13.011115 -6.027498
3.855808 2.144758
-11.682584 -9.712450
6.418439 -5.536451
6.960320 2.437901
4.083104 -13.628377
13.188506 -8.273982
-7.309519 2.632744
-12.577871 0.308528
-9.336053 -0.597932
3.420912 10.562893
6.748475 12.362296
10.048371 9.425398
7.528492 -12.531620
-11.815350 9.949818
-14.145522 -11.904936
1.930620 13.612775
6.261976 -9.033699
14.689051 1.106297
-1.669208 0.361418
-4.896790 -7.375584
5.106948 6.228594
-12.046060 14.371276
-3.905035 6.472457
10.956508 -6.940850
-11.808967 3.070091
-14.080896 13.832868
-6.443886 -10.454379
13.334687 -12.364506
-5.889565 -14.463942
8.531270 5.506836
-2.737396 -14.902277
-11.851781 -13.576605
0.029580 -12.425446
-14.934722 -9.971978
-3.704543 4.744469
0.106843 14.287531
-12.807540 -9.850624
-7.150362 0.068171
-0.386208 5.335154
13.197161 -13.838105
-3.961718 -0.572194
-13.144896 11.490288
2.026884 -13.346510
11.029767 7.287251
-2.229518 -12.075924
9.527632 12.532842
-1.016923 11.353803
3.187213 -12.615206
6.199940 13.394692
12.748745 -10.432297
-14.505403 -2.231676
1.274339 -12.446379
-7.623795 10.416280
12.580242 -14.817171
-7.943698 14.469471
12.178490 12.108740
-13.528312 14.713363
-2.632484 1.077606
12.752372 -2.208996
-2.694688 10.774174
5.506220 -2.809613
-8.344827 -11.652411
8.445627 -9.413444
12.170273 -6.373301
-1.783224 7.394063
-6.054969 8.483225
-0.453393 4.121268
-10.070152 -3.844371
7.404535 8.152201
-2.026043 -3.876470
3.192978 -1.271224
-13.062911 10.325697
8.033708 -7.918747
-13.572018 -7.363002
5.688289 0.704027
-4.948046 8.294852
-9.625531 13.604699
-3.886262 10.939184
-7.941637 4.415997
-1.516940 3.853748
6.171522 6.481261
0.956739 10.138029
-12.342884 12.426439
-7.851786 -13.226742
1.580673 -10.942708
-6.654508 -12.525809
-2.764552 7.775714
-9.268812 3.759163
-6.030296 11.529716
-12.478703 -14.683707
5.171402 2.777646
3.061236 5.654230
-9.600898 2.791268
3.964761 0.852660
-11.637282 13.312686
8.140712 3.134743
-12.974875 9.238092
-3.056030 8.797466
8.652867 13.612771
8.600015 7.980156
5.372514 -3.804719
-8.965107 -5.691952
11.516033 -14.891174
8.855876 14.893782
-14.319228 5.631818
-0.261789 7.044469
14.450660 -5.367401
-11.982535 5.388194
-11.104879 -3.574527
-4.483091 13.696944
14.119208 2.716082
5.510286 -13.515794
3.574329 14.901353
1.413498 -6.641931
-13.131903 7.633529
7.820821 1.100673
-8.776883 -2.621351
9.731553 0.485379
8.061944 -6.776033
0.626716 -11.585876
-6.007230 -0.903624
8.981260 -0.569794
2.374797 6.481474
-11.784243 -8.412102
-7.164439 8.324504
-3.553572 9.887661
-4.594260 -11.574454
14.664355 -12.338088
-5.120711 -0.364837
5.792933 -0.340104
4.875013 1.764517
6.585924 10.081336
12.074849 1.963693
10.828911 6.304268
0.265615 -5.211795
4.325582 11.019493
-8.472571 10.956586
-11.006943 5.017218
7.880023 -1.446390
-1.625230 -7.789523
-12.422121 -3.819035
0.559035 2.509342
0.711572 -0.467750
13.135841 8.862657
-5.551112 5.234298
-6.204705 1.432660
-5.201894 1.762172
-3.662214 -11.969320
-6.131262 -11.537904
-3.043861 2.266233
1.262227 -3.408028
-7.667505 -8.383373
14.719307 10.294660
-7.852848 -3.390979
-4.896435 11.151171
-1.805291 -1.873613
14.809817 12.061715
6.781633 -3.107227
0.229431 11.337548
3.094588 11.956473
6.405965 -12.855533
-5.779659 0.436131
-14.464935 3.455729
-6.814694 3.689680
2.497027 -8.242860
-13.838352 6.544519
-14.292551 11.443587
-7.964353 -0.634435
13.502066 -5.828225
11.118066 12.150269
-12.775318 -2.852410
3.022952 7.562164
-6.482674 14.670125
6.981872 3.437974
10.544475 13.042449
10.686548 -9.939232
-0.040308 -8.373378
-10.343007 -0.254984
13.550567 7.631884
-11.181124 8.776578
-14.374045 0.694172
5.762938 -1.548874
9.115667 -5.117561
4.510292 12.006312
1.690792 2.452095
-12.312568 8.342219
-5.109542 6.419123
-8.193752 -10.600832
11.906861 13.090033
-12.425333 6.822476
-5.829135 4.055893
7.234481 9.174159
-12.803306 -8.336989
0.335416 -10.604764
-1.966977 -13.174355
-1.910881 -6.356299
9.053143 -10.889537
-12.902748 5.919172
-1.928612 -14.210835
-13.054826 13.641224
-6.849134 -3.862905
0.116088 -3.029457
-1.080698 13.784236
-0.994642 -12.070762
-10.779291 3.520619
9.954769 1.660741
-8.453223 12.004726
-9.894207 6.298300
-3.087997 -3.471469
12.182754 -5.361698
-2.707536 12.778791
14.766701 7.649124
2.289641 -7.152437
-2.022153 14.236483
1.021431 1.606408
-6.807498 -7.636022
-9.794024 12.529244
0.452001 0.586342
-9.287791 -1.755493
-5.799444 7.187298
-0.626435 -6.474055
-9.794018 -2.742341
9.280891 -6.444453
-11.155241 -5.758645
11.521699 -3.419753
8.842122 -1.821426
3.705853 3.508948
0.961863 5.755188
0.632957 13.337840
-3.134333 5.736658
-11.231084 -4.570581
5.149188 -8.543015
-10.298125 8.262017
8.300885 -13.280704
1.904065 4.169299
10.188071 -2.133591
2.711733 -10.647062
6.023341 8.241201
9.556276 10.829060
1.782732 -14.399972
1.244628 11.355120
-2.126151 5.823800
12.372865 -7.461718
-10.038202 9.246496
8.789814 9.065980
-4.984243 -8.867773
-6.331048 -5.730311
-7.906187 9.046941
8.273850 10.157156
12.336900 7.928655
7.574004 4.651025
11.430261 -11.834615
-3.460431 14.042649
9.718785 -4.027764
-11.679697 -11.282144
-14.259451 -5.057632
11.241939 9.916184
-10.302834 14.478076
-8.662363 13.028992
12.216650 -8.681735
1.743744 0.160390
5.654445 -7.587359
-12.010058 -6.405954
-0.425510 -0.073697
-12.350911 -7.385646
-10.314677 -5.100305
-13.085557 3.872401
1.912796 9.807270
5.670510 12.307230
3.328572 -3.612674
6.524478 1.388564
13.488325 12.606246
11.210306 -5.921023
2.409728 -1.966280
8.007937 -10.495614
-13.207330 -4.917795
4.293317 -4.173391
1.872929 5.288661
14.040930 -14.407599
-5.549817 14.175060
-8.819796 -3.694978
10.984139 2.290266
7.893905 14.480995
14.471593 3.761291
-10.580245 13.284131
5.457535 10.320444
-13.790361 -12.847470
3.639706 -0.126479
-11.770008 -12.505265
3.692094 6.582702
-5.167875 3.037868
-6.169708 2.475353
11.287659 -4.552056
-14.923595 -14.601697
13.968784 9.546470
-13.072579 1.190697
-1.603385 1.602634
-4.232152 -12.972072
9.437897 4.644539
-12.835106 -10.863098
4.647952 -7.391927
-5.072607 -6.000410
-9.287701 -4.732338
12.201597 14.226052
11.492648 -0.292030
-4.212568 14.805028
7.081453 -13.630320
-6.863050 -14.029518
-3.221946 -4.747431
11.897789 6.496530
-0.962310 -13.464882
6.933749 -6.787911
10.438487 -3.160267
-11.667749 0.742704
13.235892 -1.263820
11.857492 0.982356
11.079577 14.140394
5.550867 -6.141768
3.980929 -8.465843
-10.761555 -13.507875
-4.796710 9.931515
-11.016789 -6.763857
0.378193 -2.018071
-7.387279 -9.805084
-0.546361 -1.241443
12.558716 -0.287217
-4.283635 -3.202694
9.498299 -14.249044
-10.522192 -12.492957
9.338045 3.393637
2.430798 8.402345
-4.568803 -9.872281
12.362158 -12.782665
1.390054 -8.214824
10.080140 -7.760217
-10.427522 0.847118
4.834147 14.109173
11.544713 -2.335358
0.448319 -6.330204
10.505874 3.169584
-7.960322 3.403053
-2.976122 -2.439735
11.897642 -13.943594
5.378080 7.361544
3.395664 -5.125723
-7.133529 13.618482
-10.168358 -14.452848
-9.616896 10.289792
6.965799 -2.118571
-2.673309 -7.891727
9.635343 14.116305
10.861973 -13.841534
5.856286 -10.114226
-7.740441 -5.854813
4.211659 -3.138597
1.898388 7.449568
-8.589503 2.572000
10.271012 -10.928968
0.572308 3.696302
-4.121471 -6.365062
7.465592 13.324833
13.814905 11.629848
7.393320 -5.779988
-7.017135 5.084600
2.785321 2.029902
-1.625219 -0.829409
7.086685 -14.796255
-13.801039 -0.155464
10.832357 0.794140
12.003894 -1.199911
-4.704581 -14.016670
-13.204334 4.919918
-5.637317 -9.692033
-7.637966 12.598431
7.939915 2.152383
-12.657587 2.114910
-1.182367 -5.639885
-14.879091 6.700866
-9.319388 11.504151
-6.845438 7.359367
10.192018 -5.967422
9.022872 -12.492284
11.772980 11.069232
6.862367 0.257258
-6.458494 10.522301
-8.834819 8.620767
-0.747314 -2.237154
4.563060 9.634899
-14.983010 14.297430
-13.888830 -9.547467
1.378164 -1.838560
6.871909 -0.755827
10.268280 -8.833799
0.989727 4.631883
-10.845464 -2.302200
-4.744139 12.319180
14.025864 -10.384891
-3.381299 -8.773318
-10.025429 -7.346008
-5.140311 -4.906923
-0.791448 14.909971
-8.036586 -14.309032
14.172501 0.030414
-7.486155 6.439322
-14.858155 -8.738664
8.998468 2.287537
8.227386 0.162495
14.339247 -6.397705
8.363118 11.203668
-14.678528 -13.502748
6.484721 11.324070
-14.846676 -0.277457
-4.065524 -5.318311
1.271789 14.428663
4.900053 -10.848985
-10.546828 -11.150962
1.859725 -9.186832
-11.111368 6.218746
2.661980 -0.410320
-14.290161 -6.243262
-14.198909 4.630821
-14.213461 -1.192765
