9.942871 -1.498682
-8.843466 -13.584872
9.540018 4.575765
-13.708425 -1.648771
6.956466 -3.299047
12.472557 1.849180
14.411427 5.052262
-6.667108 -8.932572
6.170384 -2.473277
9.968536 14.502091
-10.978708 -0.370973
-14.867341 13.298428
11.836732 7.656669
-5.780008 -4.814431
-14.985181 11.288798
-2.438525 11.839439
-10.330944 -14.303709
5.402644 -7.127784
-5.647561 8.668481
-1.709669 5.342900
14.450412 -2.446043
2.692729 2.548995
-14.760480 -1.548537
-0.806054 13.363665
-8.500525 13.366677
-7.484512 2.008972
9.424422 9.290575
13.688615 -0.021396
-11.009945 10.127881
-1.403925 -5.148729
-9.942640 -2.185285
6.535559 7.458389
3.494998 6.650127
12.780973 -3.893605
-10.458714 13.831773
-11.430284 -7.466280
-10.870954 -4.073825
10.606939 1.094964
-11.468248 3.017629
13.416475 -9.629469
-12.446060 -13.731075
10.096372 -7.723835
-9.537060 2.010571
-4.800758 -11.099576
4.011603 4.832333
11.948109 3.027499
-11.680701 11.028434
7.540029 7.401567
-9.546049 5.263894
1.878309 3.523558
13.897849 -7.836216
1.700359 11.072675
-3.680556 -8.575182
1.012279 10.204076
-8.617001 -10.322600
-11.597496 -5.928938
-5.061218 14.670761
-7.771589 -5.757673
9.727455 13.343642
-8.455564 -7.334822
-12.973839 -10.777361
-10.250401 -8.838066
-3.447298 -1.009450
7.551480 2.375676
8.854527 -5.893362
-12.365719 1.165166
7.340740 8.523815
-4.565449 -4.847954
7.916234 9.563335
-1.341455 12.052890
-6.851899 -14.786954
7.165975 -0.520007
7.759842 6.287219
4.423710 12.939662
1.640093 8.305547
9.983216 10.353939
-13.331046 -6.988055
-2.661221 8.063195
7.080774 -4.487035
12.989763 -10.621749
0.879291 -5.007877
14.881990 9.115812
-14.931179 8.118300
11.441989 2.044760
-13.473975 3.204319
-4.204561 -11.928722
1.345302 -7.019927
-12.906240 -2.249793
-4.544258 3.765467
-8.602743 10.638040
14.414599 -10.001727
-3.558498 -4.951662
-2.551190 -3.982007
0.038348 6.433850
-4.461085 11.240801
10.681915 -6.801215
14.109712 2.918843
-12.839392 10.716021
-3.635082 9.660475
-2.006589 3.545106
-12.137784 -14.766876
1.527602 -12.444427
-13.144161 0.364158
-2.317439 2.320461
-8.851493 -0.019833
2.118950 5.257659
-3.034539 -0.037556
-14.429294 4.816600
5.477281 1.112853
12.792098 -14.039580
-3.716455 0.923226
-2.862474 5.657134
10.674043 -11.693912
5.714859 9.584187
-13.189253 9.613908
-12.848805 5.083427
9.173851 2.021664
6.335718 5.450843
-1.707052 0.022536
-13.785439 -5.423960
-12.203836 9.943883
3.241943 -11.079113
14.425476 -8.838739
14.045949 4.081602
-14.716710 -10.500492
-0.115096 -4.860203
-5.201706 2.557538
-6.727950 7.827708
10.813956 -14.081766
-11.498086 5.586247
11.204366 -5.865411
-12.841289 -5.861054
-11.143516 0.664002
11.063280 14.915227
-10.291104 -5.948611
-8.522033 5.179149
7.886325 14.189485
-2.152176 -10.500860
3.639754 13.674979
12.735235 13.042508
14.997744 -3.453219
1.922142 -0.862225
11.503970 -1.919276
-9.681283 -7.973996
-13.548604 4.226284
10.918327 7.258740
10.808910 13.790307
0.145018 -7.309319
12.212846 -2.691902
-10.110812 -13.186266
-8.284583 3.700605
-6.593655 -13.644366
6.820875 9.793852
-11.096387 -13.588424
-12.547434 2.501271
8.480276 -11.033193
-14.670164 5.890809
-1.403828 -3.976136
-10.437776 -12.078333
1.308969 -1.753239
-5.728824 12.558972
-9.930747 14.729722
-13.730811 -7.939156
-4.385891 -1.448707
8.923017 -0.618935
4.188764 11.931663
-9.903483 0.478865
13.082750 -4.907084
-0.685358 -2.798001
3.736161 -9.966639
8.630937 7.382223
2.769286 -0.033698
-7.478134 -6.963252
13.994956 12.687041
9.024478 -3.641051
4.254671 -10.846490
-2.671551 -11.622361
8.889613 -9.804408
-13.882171 14.361352
8.891087 -1.673501
-13.707952 -4.351924
-4.612596 -9.063980
7.450127 5.278247
7.483399 13.110140
1.632151 -10.150585
9.892099 -12.389719
8.337210 -6.784542
-2.496325 10.471369
-3.188806 14.086919
-0.897195 6.926920
-1.304650 0.987768
-13.524559 13.404416
-7.479167 -8.099375
-3.568140 10.755929
-13.862862 -9.929957
14.079189 11.690053
11.869286 11.484530
-7.906318 -2.163638
2.651624 -3.837611
3.245632 -8.143404
4.466735 1.167874
3.960277 -2.091246
-6.550367 13.198358
-7.962532 -0.513995
-0.754108 -6.015218
5.607492 -10.678324
-10.211588 6.091238
5.265317 11.137006
-5.492598 7.524186
14.150251 -6.336663
-7.609847 4.759542
10.674485 9.445687
3.407634 3.253948
11.774922 8.673860
2.608994 -12.429529
-8.471348 -8.404888
2.387997 -8.895862
-12.420953 11.705907
-5.582466 1.604518
8.857163 -4.801120
9.758130 -11.057308
8.541975 8.724249
-5.450562 -13.366379
-13.600519 1.269634
11.725420 -12.236710
-10.415168 12.163312
-14.211477 12.017052
4.946064 -14.969557
3.303176 -5.841216
-3.418299 -7.573861
-6.245899 -12.474489
-12.675539 12.824707
-8.311290 -3.290900
-0.223275 8.386225
-13.880983 8.398289
2.643469 -2.828205
-4.398127 8.520725
7.785243 10.763409
-12.469085 6.095242
8.438533 -14.790296
10.561896 -10.459602
-6.820840 5.461806
-3.033624 3.620209
10.917333 -1.069591
8.480604 -8.768148
5.304098 2.714557
10.561495 -3.888517
2.233011 1.105058
-8.388467 -12.678490
13.648286 9.698370
-10.895502 -5.131855
-10.188240 9.320713
-0.117105 12.100324
2.056356 12.138243
-9.133984 -5.488795
-13.109407 -0.726715
2.734514 -10.210618
-5.731287 3.465306
10.665717 5.221511
7.172002 -11.220454
-11.986375 -3.419902
0.603951 3.423212
0.455765 -9.852365
-8.393465 -11.566100
-0.101719 1.553422
-9.068493 -9.262461
-11.664994 -2.292933
9.257096 0.477109
3.428480 -4.470715
4.355497 5.921394
-1.038871 -12.201023
-11.968914 -10.863586
7.263198 11.980412
7.540931 -5.735481
1.482681 -5.835324
-0.686556 -7.901096
-2.148939 -0.993484
-4.933531 0.592802
-12.179919 -1.356488
12.323662 -5.884888
-9.484796 -12.383509
14.295029 6.479545
3.281086 12.511987
5.117822 8.725993
-6.542215 9.284623
9.868749 -2.663912
6.165938 11.910742
6.160226 10.619919
0.786103 -10.972751
13.781002 14.681311
-4.532210 -12.935938
-14.361893 0.545994
-4.498082 1.583807
-9.704331 7.548088
-3.228645 1.850350
11.891714 -13.536128
4.960436 -2.825665
-12.878660 14.474158
0.882894 5.739246
13.653716 -13.370157
1.885729 -14.821364
-2.462398 4.452268
14.115633 -12.256761
-14.008340 -11.328383
2.913762 -14.127579
14.909007 -11.447502
-5.975684 -1.581136
-5.332921 13.648226
10.151183 -5.865271
9.454996 -6.854002
-0.284341 -14.695841
-2.925825 -5.959420
-1.703322 14.313831
1.245814 4.300980
13.256133 6.407259
-1.762413 -6.099006
-0.003204 2.555965
-7.576553 11.099717
-4.028084 -2.588508
-6.595998 4.097352
0.509391 -0.981835
4.440436 3.237143
3.632812 10.897116
8.019034 -3.654163
-11.766085 7.435006
10.501892 11.265429
-7.695023 -13.774516
-4.790799 9.455803
1.228153 -9.189849
-5.633640 -9.240590
-2.751673 9.065406
14.094374 -5.096005
5.169441 5.283862
-7.040289 -3.680715
9.935128 -9.623170
-7.267659 -10.203550
-0.076185 10.143674
6.304329 -6.636320
-6.795483 -4.708887
-6.570508 -5.842702
6.256760 -14.554082
12.657229 0.135812
-3.740220 -14.793988
11.726954 -8.993419
4.193416 -5.268331
-9.340396 -6.852829
-6.092222 -10.304307
3.879905 -14.865503
9.701957 5.592652
-7.512980 9.767926
5.726851 -3.495178
-12.558802 3.858290
4.126384 -0.889377
12.624401 9.662435
-7.133521 -11.695315
-6.025013 0.396963
8.028842 -7.874005
1.023807 1.654618
6.872579 14.140763
6.142904 8.562968
9.632736 8.240912
-5.494903 10.283983
13.587855 10.703074
2.257500 6.365925
-5.898704 -14.464760
-7.325987 3.410805
-4.335269 13.337446
-0.824201 -13.790463
4.828460 -10.013547
10.957485 -2.921931
11.051317 6.190205
5.418236 -12.808785
-9.953833 -0.700327
5.168160 12.160268
2.243014 -4.786979
-8.587628 2.422492
-9.724320 10.464909
14.487269 0.686051
5.372032 -0.635601
1.617407 9.361892
-14.843981 -4.565225
-2.452340 -4.988083
7.913475 -1.457724
-5.259685 -2.406122
8.325186 1.369997
-1.218518 2.027413
14.759875 -13.326692
-10.831521 7.021270
8.050229 0.097112
-10.445880 3.655387
-0.549193 0.151714
-0.289167 -8.974298
-6.712074 6.596024
-5.310244 4.434877
-12.816334 -4.856114
-0.809087 -0.894533
11.966643 -6.819911
-14.457291 -9.078610
13.920197 7.976697
-10.454318 1.544414
2.636568 13.484864
-6.083713 -11.480162
-8.529694 9.459967
6.480251 13.151044
-11.849106 -4.597992
10.425869 12.580579
9.613843 -13.363395
9.981438 -0.238564
-13.365185 -3.291432
12.179166 -1.174584
-12.320234 -6.842897
-1.806279 -13.600718
14.185092 -14.234250
7.036960 -8.147117
-2.132017 -12.643961
0.301005 -12.821393
4.001111 9.035460
10.415570 -8.718446
-14.508236 -14.737818
6.730127 4.370956
-7.952144 14.800044
-6.360613 2.466572
4.611875 10.175380
-0.438328 5.430655
-1.434244 -8.600779
10.683275 8.345031
-2.806649 -13.727932
14.909709 10.179026
7.868531 -10.149700
10.971653 -4.850802
11.553255 12.553823
-12.565690 -8.159383
11.539091 10.284478
10.810066 3.053195
7.154986 1.244984
-0.347283 -3.739200
-5.504492 5.479873
3.202677 -7.067540
-7.088124 -1.328316
-14.925575 7.108356
0.557158 14.738912
11.571385 4.371851
-13.255880 -8.981774
-4.709829 -14.294905
-2.622933 -1.887330
12.873625 4.116999
8.918848 -11.998019
4.298187 -9.039016
-11.644547 1.929593
3.063310 -1.003393
12.762690 14.436823
3.693865 -12.138922
-1.466820 -14.587302
13.341737 5.169263
9.409607 12.131134
6.959551 -12.517594
-7.670927 6.022234
12.024460 -14.779428
10.525651 4.144907
12.016625 5.439445
9.911551 -4.794285
5.565442 -4.978985
-2.399017 -8.113225
12.006955 -4.766125
6.142144 -11.781281
-8.829839 -4.426190
-3.728631 2.826699
-8.774222 -14.619413
0.559237 0.752392
1.640884 13.119769
-0.110084 -11.759124
-1.685845 11.099027
8.491329 -2.714493
8.649410 5.358171
-1.419848 -9.711922
12.927064 8.584273
2.114018 -7.880980
-13.284518 -12.642894
-6.560637 10.665133
-0.673513 14.367629
8.673068 2.934944
-12.616192 -11.759304
-10.567191 8.345161
-9.879472 -9.880945
-8.432008 7.991520
3.791710 0.158884
4.585144 -7.909337
12.228895 6.584457
6.654136 6.461554
-4.729847 -3.546923
-14.185384 9.526031
-5.343673 -8.121095
2.342164 7.525835
-11.995582 -0.308691
-14.873076 -6.118049
10.018356 6.678794
6.309562 -9.087597
-10.641337 -10.835635
-13.887239 10.646025
-1.640156 9.805286
-3.086849 -2.944668
-3.566281 6.423554
1.588494 -2.822870
2.759057 4.053871
11.750985 -3.616495
-12.235591 -9.791202
0.381790 4.852094
1.094603 -3.745133
4.872513 -4.143459
1.467069 -13.661730
-13.497996 -14.644995
-1.707280 7.575810
13.993552 -10.913996
-11.497351 -12.373932
11.782350 0.848835
14.079188 -3.908746
-0.674173 9.311982
12.576262 10.768876
-11.519488 14.318939
4.003868 -3.520687
1.355257 6.956657
8.740181 11.314906
12.699233 -8.638176
-4.379165 -6.888078
-0.571259 -10.269386
5.382918 -5.976687
-11.394422 4.055279
7.353297 -9.116165
-7.964098 -9.329114
-7.252990 12.469180
-10.601742 11.104802
14.852482 14.465883
-3.580781 -10.941675
-14.139545 -2.552203
13.001735 11.908489
6.802306 -10.185918
8.116737 4.144749
13.078838 2.980223
-2.546272 7.029446
-7.623426 8.763748
-6.770670 -2.571781
-12.792231 7.638547
-4.576201 7.112201
6.262618 -1.248724
-5.754828 -3.599482
-2.608467 -6.950004
-13.811930 -13.507643
-0.369002 3.949643
-5.525524 11.421642
1.649910 2.440790
-7.698574 7.214200
-11.305011 -8.501626
-5.282625 -12.123763
5.502361 7.334965
6.623782 0.378284
5.358808 -14.051219
8.781793 10.116598
2.340652 10.275435
-5.491463 -0.586075
-13.771655 7.328254
13.383548 1.153656
2.973478 14.667349
-9.344680 8.640540
-4.396030 -0.352586
10.295322 2.110240
12.985694 7.371454
-4.193275 -5.861856
3.133631 5.550315
4.891622 0.261863
3.155424 9.655314
-5.460321 6.512158
7.179547 -2.160324
-14.087118 -0.504349
-1.281471 -11.041653
-0.658441 11.204600
-14.255737 -12.323391
-10.640619 -3.017811
-3.611579 -3.817693
0.673233 -8.215641
5.962480 3.655037
-1.351361 4.352349
-8.915208 -2.433641
-10.904661 -9.846746
-3.823391 -13.788746
-8.937660 6.885057
-1.651208 -7.391256
14.369037 -0.964014
-11.588406 13.204244
5.934324 -8.135411
2.413223 -1.826882
8.315965 12.426726
-2.508263 -14.839744
-6.391883 -7.121132
-9.998407 -4.593456
-10.578679 4.977730
-11.321000 9.115384
-9.474859 3.039190
-9.386529 11.655327
7.366761 -14.917750
13.333196 -0.962543
-5.388598 -6.889016
0.393439 11.200537
4.395087 -12.855434
-2.529208 0.850891
10.812971 -12.920603
9.589174 3.401148
3.756782 2.172808
9.699795 -14.381959
-1.958705 -2.784007
-6.491701 11.691708
2.671396 8.734842
-4.906166 -10.095292
0.439542 7.440581
13.045393 -6.603748
1.945160 -11.366773
-9.448298 -11.120239
1.572030 14.131484
-7.523095 13.652567
-8.841036 1.187845
6.326251 1.979067
5.300093 -1.757060
-3.758527 4.681626
4.278547 -13.939498
12.684896 -12.674303
-3.598690 11.823252
-10.934844 -1.473747
12.706364 -7.606498
-8.922047 14.358583
-0.255054 -1.752764
-2.839071 -9.164268
13.300036 -11.651637
6.276226 -13.369880
-7.597529 0.508015
-6.253975 14.335226
11.950026 -11.207805
5.301424 -8.968161
8.614489 13.456033
5.025018 4.076373
3.348165 7.996237
0.438040 9.227680
-4.540135 6.014771
13.675452 13.644476
-1.038837 3.126042
-4.512375 12.338262
4.837636 -11.708553
1.068553 11.979656
-9.365332 -3.353169
8.383393 -13.218369
-6.564989 -0.449755
-7.209904 -12.815035
5.476346 6.312416
7.894261 -12.110228
-13.742915 6.311915
5.460638 13.134738
3.395970 -13.183865
-5.305975 -5.751413
11.368426 -7.689254
-8.284321 12.155077
7.218921 -13.761125
-1.739694 8.727105
-11.468151 12.116581
7.008656 3.276540
0.484812 -13.984974
-2.226123 13.254837
-14.821062 3.780289
8.950938 6.387490
-7.789879 -4.552816
-1.268857 -1.955809
6.542672 -5.512981
-12.532974 8.667978
-10.441370 -7.158314
-3.278558 -12.533463
5.809644 14.373588
13.356974 -2.233915
2.413801 -6.377044
-6.700814 1.245713
7.259775 -7.080078
-8.635879 -1.461643
0.598067 -6.315342
11.828608 -10.035727
9.099814 -7.903851
4.381086 -6.405536
10.980839 -0.052768
0.547628 -2.414795
-9.610180 13.050762
3.284320 1.113617
4.714017 14.050748
0.513954 12.926457
1.698373 0.163770
-14.838449 2.651954
-9.441969 4.130915
-3.646518 7.536835
4.414961 7.748558
