-6.850597 -7.254484
5.979696 -10.142790
-3.560853 -12.769623
-5.438051 9.780701
-14.653675 3.611099
-10.491260 4.232446
-4.304337 6.374059
12.527539 7.055939
13.961106 9.989982
-6.130943 -5.458431
-3.103007 8.030171
-8.761125 13.927206
-13.850404 13.832422
5.940485 7.332295
8.003568 -3.436166
-14.769851 14.260262
-5.091277 12.000299
-6.180144 -13.530952
7.690100 3.888065
-1.498244 -0.978474
8.633419 -1.576538
-12.012238 -4.218046
8.940223 1.688491
-5.358191 -9.914237
5.861069 6.154600
-7.089072 -1.636235
-6.375517 -0.583371
13.862730 -2.052276
10.681499 5.989771
0.912196 -5.944182
-0.556485 4.323559
-5.067088 8.545319
-11.634015 -10.452537
-10.366161 12.033837
-0.273665 0.689960
12.029169 9.424522
8.837765 10.955212
-14.387626 -9.150439
-4.724049 -10.852872
-6.779939 7.809156
-4.846509 -13.139183
6.912988 -12.330570
-9.855656 -9.191353
6.116634 -1.500520
14.905178 -1.921408
-4.189239 7.542282
2.884718 -2.008744
3.465327 6.099413
11.314829 -5.379342
11.032141 4.400622
-8.192989 12.234071
13.791833 0.255362
-9.173071 11.906517
14.599869 7.299813
5.821559 -0.510274
8.164449 -0.344966
-3.218355 6.889283
-5.401495 6.210011
-12.898589 1.989675
7.386624 13.261164
-10.171932 1.039718
-7.122725 1.693011
-14.001448 -12.180373
3.633762 7.224756
1.138341 -6.998770
-12.958611 -6.030486
11.668999 5.345510
7.977053 -2.404456
-4.695262 13.094399
-8.701945 -11.626320
-6.655473 13.654141
-7.317447 -0.198293
-13.616400 7.987754
-8.553647 10.128237
-13.405290 -11.146372
-0.158717 -10.449639
-1.448241 1.576712
3.552076 -1.181436
-10.511490 -0.264715
-6.958676 -3.054361
1.360669 6.272032
8.188467 8.221725
-12.858788 -0.935511
-11.871671 -1.872937
-0.206130 -8.972732
-9.764958 -14.490115
-10.162089 10.212421
13.243027 -10.339758
9.777283 5.487650
-9.996404 -7.888367
-2.877247 3.593374
-12.668778 3.157172
3.214043 -7.137708
9.544539 -2.733157
-8.212657 1.905151
-10.636036 -10.719001
13.508214 -5.109837
7.419278 -8.268492
-1.688264 -5.401046
-12.901654 7.276024
0.898979 3.289799
4.125199 -7.734234
-7.111876 -5.227691
6.277354 -8.235220
-13.897464 -5.016118
-11.570919 -6.504969
9.128747 14.666719
-14.435827 8.744531
4.475013 6.067567
3.685689 -14.053847
-0.560377 10.047786
9.160315 7.667065
12.925983 -5.936400
13.427670 14.416253
-8.910871 1.102775
-7.618185 8.412116
5.068334 -1.784532
10.445756 -8.870501
9.441092 -4.628835
11.809276 12.794548
-11.014898 -4.446817
-2.330846 4.651300
-14.700434 -4.358830
-1.249059 -6.501606
3.562605 9.925013
-8.031832 -7.436545
-3.798089 -2.934356
10.187910 -11.523715
6.409705 -14.317594
-5.618670 -12.156624
2.851184 -10.371657
-12.370458 -2.836453
4.186920 -14.939989
-8.913507 -8.388609
-14.033723 -10.118432
-8.631169 -9.367725
-8.614764 6.553885
-11.189369 0.474479
2.885561 -14.941456
-3.687534 4.768905
11.202209 -9.550312
-5.006662 4.258509
-13.465031 -8.051682
-2.668285 12.937278
-12.292870 11.734500
-1.064482 14.189702
-14.826417 6.124849
-14.557586 -11.150851
4.705945 4.425626
7.983159 -13.653335
-13.246736 -9.225898
-2.409821 8.835906
-14.782808 -3.205732
2.360983 12.699011
4.192392 3.399553
14.268940 -14.655670
13.302689 3.847796
-8.084107 -12.547038
4.289054 -13.194392
3.117375 -12.780179
-1.064187 -2.146353
-14.944676 13.263950
6.243921 11.924378
-9.011019 -7.172796
8.789785 5.005900
4.559437 1.994762
-12.503122 8.478840
13.587884 4.927098
-3.235569 -8.129013
-0.826631 6.268105
13.239882 10.955857
-1.963401 -8.762104
0.630051 -2.110997
13.724435 -12.561080
8.004308 10.277427
-2.490024 -10.869956
8.835394 -11.859864
-1.407688 0.465559
12.443250 -7.522480
3.529362 14.099306
-14.444220 0.598595
-3.395611 -10.175052
-3.199994 -1.857037
14.732258 -13.550167
9.083991 -10.863010
-5.448348 -1.316558
-13.785078 -2.760441
8.258612 5.990683
-6.731726 14.737263
-4.600113 -12.142241
4.206042 -5.695237
-13.676091 6.011806
2.745268 5.043864
14.053024 13.373359
-7.015292 -12.536104
10.295497 -0.079728
12.535892 4.670513
11.201330 11.914718
12.011095 3.749427
-0.278278 -7.469196
-5.876812 -6.622686
-13.062554 0.292163
-3.878509 11.086248
9.015942 -3.657646
10.115661 8.128665
4.291808 12.345217
-7.125032 12.627433
0.686416 -9.721786
5.640338 4.051353
-5.693997 14.915030
-9.203096 -3.151147
6.095679 -11.357861
-2.134588 7.263110
5.095692 -12.157889
-6.437486 8.803249
11.156602 8.483997
-6.241114 0.502962
5.505750 1.668675
-2.477252 0.100351
1.134856 1.312084
-7.800980 4.880224
-4.649820 5.368198
-11.573307 9.096126
-2.080257 -2.073681
-5.336744 -14.110098
-4.929154 -7.104355
0.654564 -14.344387
11.167611 7.453814
2.121267 11.325572
-13.646492 2.682375
10.434267 -13.571477
7.457331 12.126772
-9.481812 -0.862543
-9.890040 -4.014046
-5.828891 -8.117402
-5.085374 -4.799541
-7.847093 0.888202
-4.964900 -5.912708
-7.962439 -2.182224
-2.666010 2.266662
-2.073514 -7.076617
-6.451091 11.098037
-14.163219 7.040286
-9.052058 -6.157750
1.782661 -7.910831
-1.672315 12.313974
-9.462050 4.198754
0.665422 -11.177538
1.759250 -5.289313
3.275131 10.893791
-14.002125 5.011810
11.790767 2.461712
-11.468390 12.516072
7.703030 5.049861
14.905968 5.124909
12.310652 1.600086
10.299854 14.023922
12.283504 -11.153255
13.640242 6.925028
-1.717840 9.708136
-11.729646 -12.212198
-12.345719 1.025441
-10.135181 13.367365
10.115256 2.182223
10.121200 7.038527
-10.442732 -6.509210
11.556511 -13.214984
7.067927 9.511393
0.913271 0.302698
4.448695 10.671349
7.666918 2.520681
-12.744880 5.540973
4.063561 0.359012
-14.614632 10.592307
8.206873 -6.252831
9.830332 11.738088
3.029697 -5.801134
-3.433338 -14.926887
-14.479041 -14.745144
-8.297319 -5.419792
-10.938482 -8.626377
8.156122 -7.485087
5.189146 -14.405228
4.738566 -9.840322
-12.686318 -10.319436
-10.104191 6.279255
9.286274 -7.108260
14.044781 5.929485
11.995741 10.646106
-7.466645 10.519940
-13.013319 -1.971948
-7.611506 2.849072
-6.168676 12.108314
2.389757 10.211523
11.120172 14.742915
-2.147570 -3.452527
3.069010 11.899086
-1.287348 -4.333275
11.165407 1.583751
8.752684 2.854304
-12.042333 -0.162231
-13.357307 9.120997
1.957131 1.896507
2.285999 -3.056704
3.843719 5.028636
5.318455 -8.960122
8.426501 -4.554261
6.655682 4.358450
-12.108851 -8.224920
4.344596 -4.182307
-12.192603 6.518857
-12.726669 -7.274020
9.775650 3.362288
1.299492 -0.849270
14.608662 1.474721
2.508061 14.036344
8.260534 9.230411
-0.624709 -13.588664
0.355457 6.296923
-4.595110 -3.872647
12.344340 14.755279
3.403157 2.299929
10.806659 3.124598
13.345416 8.866880
-0.110011 -1.390635
6.795324 3.287814
7.031946 -13.344528
12.071843 7.962449
7.017843 11.226513
13.316660 -6.900194
1.348038 13.402054
-5.898472 -3.313022
3.116652 -11.538898
1.846112 -14.646108
9.941809 -10.130937
-13.200845 11.085884
10.794211 10.948248
4.052125 -10.646680
-9.194993 12.930119
-11.007720 8.139742
-12.918375 4.484007
4.643218 -6.803990
-4.275554 -8.101099
-2.443320 -9.848000
-12.846262 13.723247
14.511618 -10.223603
-7.352235 11.629577
7.007617 -10.436981
-10.640684 7.192397
-7.755338 5.971200
-1.113319 -10.087582
5.317067 8.751548
-12.512387 12.730372
-0.823982 8.952635
-4.518708 -2.156009
0.786335 -3.744527
10.778297 -1.162059
2.895797 3.242482
-3.247081 -9.167584
-9.323100 10.852372
0.095083 14.282499
1.379923 7.387254
-11.441947 3.189936
-7.465452 -11.484239
-0.431280 2.030537
10.986523 -2.240149
-10.532392 9.266596
11.883920 -6.207807
-11.124992 6.189862
-12.793621 -12.204003
7.607709 -5.317838
-3.937254 12.265624
5.573885 2.683953
13.568209 1.487082
12.722828 -13.447571
13.254589 2.790542
7.430037 1.270463
2.396242 6.082278
13.142199 7.867260
-8.444827 0.083880
7.367295 -1.337972
-14.427269 -0.424702
8.017965 7.123271
14.214975 3.118868
12.977773 12.448003
0.010321 5.242513
6.513868 -6.022764
0.628495 11.608974
5.378801 -13.126311
-4.380340 9.761980
14.420679 11.220330
4.246102 -8.857446
-11.836616 2.137382
9.270968 9.329939
-8.470522 -1.271446
1.927422 2.898708
-13.653829 -6.754466
13.662948 -9.384233
5.849477 -6.921107
9.708474 10.448641
9.327500 0.697593
-14.933501 2.464343
10.425143 -4.856004
-12.735189 9.987155
-4.649442 1.879136
4.352345 13.513391
0.328424 7.334448
-3.110758 -3.823377
11.513640 -12.072272
11.246559 -7.104755
2.108236 -6.464888
13.183734 -11.674378
3.697234 -3.007979
7.512550 -11.460762
-0.533151 -11.574210
2.697298 9.178204
-9.795144 -5.386697
2.057246 -12.705657
-4.486904 -14.883198
-10.723367 -1.974793
8.298794 0.706009
4.446393 9.428094
-7.906071 -10.565824
-5.702318 13.129822
11.443080 -3.326893
-9.188077 -10.259298
-4.057297 -13.911898
13.211600 -14.592334
-9.845771 2.069473
9.176312 -0.531495
4.071662 -2.050900
-5.832935 -2.267255
0.059667 8.337828
0.281876 9.363570
-3.905551 -5.068989
-2.593094 14.273987
-7.674462 7.256695
-1.426953 -12.333515
10.203982 1.185459
-0.559075 13.236599
-1.893816 -13.426247
-2.954559 -0.802139
-2.672545 -6.165482
-0.199668 -4.161501
-9.931803 8.273530
-1.512863 -11.114791
-12.014153 -9.269324
-11.324247 -2.940763
-0.132051 3.155158
-1.954208 6.128967
-12.018991 10.702809
-6.135156 3.829349
10.772551 12.863861
9.114949 -8.656814
12.575591 -2.830038
4.899331 7.000808
9.144955 6.666255
-14.312860 1.671890
14.369872 -7.795429
-12.121205 -5.389441
-9.666966 14.465166
-6.746138 5.617280
3.611528 8.714881
13.303240 -0.682872
8.131245 -10.526035
10.388131 9.222802
6.972819 7.434188
4.104121 -11.950448
14.313193 12.402931
0.421249 -4.946570
-12.924142 -4.727241
-13.598525 3.701790
2.903531 -8.228061
-9.297833 -12.845341
-14.905099 -7.021223
-9.565267 7.122826
-4.134396 -0.970920
-7.636812 9.494300
-0.871425 -14.624326
3.735685 1.313966
9.118801 -12.894770
-1.639560 2.606158
6.940696 -2.327039
14.628698 8.350790
12.797907 -1.699417
-8.798136 2.894213
14.521428 -0.643569
-12.294159 -11.284676
4.739677 -3.032230
1.147754 -12.264984
6.950506 -0.341466
12.635989 5.721155
-7.789333 13.478512
2.994219 -4.039867
-4.086018 8.805740
-13.408400 -14.964347
12.488198 -9.002208
2.104597 8.268118
7.928099 -9.445615
-5.765051 5.189559
6.541203 1.937655
5.122886 -7.961833
5.430705 -6.001001
-11.893535 14.935185
8.719704 3.903799
-11.474338 4.742571
-9.926547 -11.449684
2.637978 -13.692545
-11.008453 -14.376084
-2.521183 -12.344879
11.793237 -1.599722
2.385513 7.262452
-11.560623 -13.451728
0.685759 4.367462
7.012137 14.233472
10.250030 -3.858536
-11.202942 -0.988663
1.644270 -2.082126
-4.219373 -9.596326
9.018200 -9.656265
-3.412211 -11.421054
-8.659895 7.674937
-10.987961 -7.557979
-0.089423 -3.035993
-4.971937 -8.888160
9.912181 -14.648280
-7.166568 3.945064
-12.430100 -14.086605
-9.487241 -2.101723
-10.864007 -9.624915
-3.121842 9.672430
11.122739 10.000273
-5.153084 2.975974
-11.078315 1.484162
-1.281569 -7.975614
5.154812 11.482145
-0.653739 -0.426404
6.330357 13.281662
-7.569837 -4.248789
7.292791 -6.770671
-3.461663 13.751076
8.938550 13.568893
3.551317 -4.912935
-5.635195 7.575294
-8.760844 5.193770
1.295652 14.435094
-3.685116 2.469645
3.465560 13.037860
-0.341307 -12.586328
8.950710 -14.056494
-0.652155 12.042136
6.320293 8.687203
12.315307 11.667587
5.310533 0.455857
-10.671425 -12.212162
14.620455 -5.104831
12.724275 0.630608
-1.066557 -3.310312
8.016139 -12.503898
1.463964 -10.424542
9.840877 4.370890
-7.952041 -3.315554
-6.491345 10.004170
-1.491955 8.192413
4.319076 7.968512
-13.484381 12.157063
1.589328 -13.592055
-2.642374 -14.280164
-3.911310 3.460321
-2.663584 1.175712
5.674828 -3.786015
-3.749359 -6.364967
-6.468001 -11.248612
-6.473688 6.735601
13.733795 -13.662970
3.283187 4.166309
5.627848 5.121227
5.064300 14.475159
-0.883808 7.360205
-6.455870 -4.432372
-9.439272 0.224163
-13.688293 -3.843866
11.315451 -4.374083
11.659147 0.332536
-2.926657 11.916750
1.927863 0.289209
-3.858814 0.163211
6.631316 -3.371543
1.391319 -8.999392
-3.784525 1.228443
6.838631 -9.349291
-8.323401 3.980718
11.668732 6.393682
12.882485 -3.955542
14.125576 -11.214320
-5.184552 10.995173
-10.197035 5.190691
5.080845 -11.048514
-13.218027 -13.418317
-1.536185 11.210281
-10.311247 -13.343947
1.901475 -4.036337
-1.683502 13.317248
-10.723748 14.646267
13.652393 -3.152023
2.124227 3.971041
7.738960 14.945992
12.591830 13.688406
3.648335 -9.688291
-9.800593 3.102932
-14.184722 -13.735350
-3.030577 5.705786
-4.831916 0.824195
-14.537917 -8.115457
14.327626 -6.250758
-10.247633 -2.935341
14.350367 4.176354
12.455432 -12.439930
10.249566 -6.810516
1.673121 9.369541
9.671478 -5.635697
5.088350 -4.931920
-1.131912 5.205043
-7.706121 -6.273555
-14.792369 11.856711
-7.593174 -13.447008
14.898834 -12.243633
14.310898 -4.102590
7.357970 -4.321425
12.060700 -0.592499
-7.262814 -8.479201
-0.448928 -5.695326
7.110293 6.074960
10.210070 -7.851057
-6.296824 -9.040433
-11.666692 13.936338
-5.443745 -0.215371
9.948957 -1.740757
-6.913488 -14.215849
1.824401 -11.478641
-1.868319 14.968092
1.596849 5.192238
-11.181536 10.140018
0.673852 -8.170195
12.193610 -10.124274
-7.825074 -14.949108
2.395304 -9.099067
-11.131176 11.164518
1.090882 10.569302
14.914760 9.655970
-5.979676 1.542850
-2.505252 10.780186
4.519048 -0.862299
-7.572947 -9.613952
2.774473 0.960002
0.585598 -13.109699
11.566129 -8.411727
0.394935 12.818018
-8.818919 -4.162783
-4.607979 14.113050
-14.590525 -5.804176
8.374844 12.603926
14.627996 -8.916508
6.287736 0.798338
12.840412 10.011653
5.340489 12.721149
-11.051475 -5.446811
-2.608368 -4.892659
-13.978561 -1.624184
11.368908 13.717469
-9.482282 9.366421
6.402487 10.399808
-8.758456 -13.991670
-1.598594 3.964590
12.349224 -4.889531
5.762054 -2.514230
10.071687 -12.583272
5.386899 10.035850
6.432861 -4.839413
-6.369746 2.758359
2.246929 -1.215673
13.558910 -8.389346
-8.318789 11.145564
1.306173 12.385367
-11.895035 7.551805
-6.442532 -10.128816
12.041906 -14.214634
