10.421116 14.216866
6.032715 -4.265049
10.835308 -5.409295
3.762916 -6.339498
-12.207124 -9.510886
0.800329 -0.395511
8.239640 -2.143706
-8.714486 9.607197
6.844384 -13.785642
1.663359 1.564505
6.063296 -9.843569
11.770966 -7.331848
-13.296530 -11.506722
12.840653 9.939684
-14.119743 -5.226201
11.209008 12.025241
3.893021 5.533566
-9.722011 11.621988
14.677778 5.165804
6.261489 -11.702999
-1.196985 -7.902807
13.366028 8.954233
13.747703 -1.522367
-11.913184 7.251352
6.578495 -1.169962
11.717858 7.532734
12.072398 8.570174
-10.592494 14.094044
8.891405 8.147596
7.947807 -10.091087
10.025751 -2.879329
-12.454324 -1.500835
-6.858988 -7.631693
-4.978240 -8.888811
10.228347 4.091844
-14.514388 -10.998388
1.592574 5.176145
2.916734 -5.584938
12.436231 -1.724116
-9.021806 7.481347
-3.310876 3.096343
-10.478654 1.034207
7.310374 -4.616077
6.544228 13.012783
-6.166911 6.643076
9.182852 -3.462431
7.769590 -0.106772
-6.758344 7.491903
11.481636 3.357140
7.278208 13.844239
9.267191 -4.533310
10.523711 -13.022850
4.910283 4.709262
-12.093282 2.414321
13.830762 -13.643913
-3.884667 -10.562579
0.874628 -12.686644
10.311578 -11.578582
-4.446653 0.284020
-2.749152 3.964426
-13.715427 3.755815
9.536835 11.263819
8.268091 -5.172683
14.139241 -2.572613
11.457081 13.990937
9.174331 12.257697
-2.720368 7.405427
-8.138597 4.113315
-14.341823 -4.159282
11.501092 -13.347932
-1.381142 -4.655730
9.598921 -0.588497
0.117157 1.955934
14.178740 -0.579118
13.674611 12.066165
7.455124 -6.110161
-6.033751 3.470480
11.396290 -4.486213
11.760281 9.584588
2.663415 -8.846748
-13.095152 -2.378978
10.475736 2.816683
-12.460467 -5.261733
-4.202689 13.679220
-5.404398 4.945021
-10.232375 4.190544
-6.486913 -11.707296
-11.641106 14.185988
-0.302871 4.071140
13.182357 -5.663377
5.028670 -4.778191
-6.401787 1.310279
-6.672978 -4.425988
4.558805 -1.650257
12.429706 4.220634
5.145761 -13.567050
-7.767887 -11.769835
14.297319 -9.151520
-1.743886 5.602186
-6.571752 9.618002
6.853258 6.210735
-2.174098 0.153799
-7.612124 12.812351
-1.477007 -14.108596
-7.376430 -2.162380
12.471335 -9.127545
9.871174 -10.565873
10.907927 13.028668
14.180428 -8.082320
2.581326 2.129711
10.316958 -4.242499
-5.472727 -13.859077
-13.619673 14.164110
-14.616737 7.669754
-13.955727 6.644969
13.390228 -3.720612
-13.874865 12.961821
14.538070 8.310797
-13.885450 -1.552616
-4.576081 -3.915233
-0.869287 -1.778470
5.865234 -12.800252
0.611973 -14.925715
8.328150 -4.039437
7.812083 -11.319450
6.536769 0.992718
-9.105397 4.528749
13.545136 4.596645
-3.731848 7.769144
-11.223089 6.453739
0.007002 3.044773
5.383247 3.139655
-0.124937 14.048900
-4.578949 1.290215
11.049644 -14.876746
11.010345 8.667800
12.514348 3.132563
1.560538 -5.849404
-0.380568 13.027526
9.139288 6.066555
7.491125 11.067577
-13.569062 10.733139
-11.738410 -2.458445
7.900336 5.358850
-9.405003 10.658405
-12.703146 1.257005
-11.658256 -4.605921
-8.549098 13.241525
2.274723 -11.224811
12.060105 2.215208
-13.807944 5.573724
4.515458 -14.589240
7.961816 0.911941
-4.486116 -12.264886
-8.947523 -9.090773
6.721526 -7.504532
-0.887229 -12.142677
9.615579 14.980817
10.192208 -1.559587
-8.450017 8.345836
-4.359438 10.185756
4.554872 -10.144269
-10.424554 12.856264
4.561171 -8.214436
-3.451868 -14.261278
-8.720371 14.302143
-6.478578 5.678732
-0.242452 10.009624
-6.474273 2.443327
13.700976 1.911391
3.399896 -1.928333
-14.127932 2.739980
7.337297 -12.699933
12.481181 -12.965967
10.933979 10.879134
-2.978421 -11.634760
9.198070 7.176606
1.342296 -6.905618
14.137704 -6.162450
-13.180343 2.322818
11.054024 6.606076
5.295958 -9.093304
-13.369686 -6.139342
-6.947252 -6.258532
6.520723 10.368423
-2.582935 -1.104511
10.759529 9.680611
9.222807 -7.293032
-9.688831 -6.044757
-10.130133 -8.696849
-3.781190 4.145425
-5.489540 -12.088971
8.684170 -12.119250
-11.238043 1.802913
1.579405 -14.344416
13.274585 -9.857538
14.934624 13.182085
6.088238 -3.240141
11.454495 -10.921058
-13.249501 7.715866
11.620608 1.118924
4.781327 0.939507
6.745166 4.970188
-6.097929 -10.743967
8.184811 11.971805
-10.412504 -9.719371
6.347691 14.413283
-0.213176 5.177140
-3.248461 -7.506585
-14.283610 -2.931680
12.932535 -11.956901
-0.482337 -6.831716
-10.327717 -11.638271
-3.583894 -3.406063
1.739374 9.407741
-11.877140 -0.595908
8.474495 10.884679
-3.430432 -13.015120
4.309472 -7.192098
11.933959 12.893017
-13.308516 -0.620257
1.922512 2.942009
-6.304042 -5.447065
-11.111509 8.517463
-2.397974 9.897148
5.723479 5.362615
-9.334660 5.549443
14.814709 -13.385728
-1.774519 -6.555606
-8.937218 -6.871756
-9.475820 -2.098706
-7.600441 -8.617262
0.281488 -4.576598
6.279730 -6.395867
2.673683 -14.325847
-12.859405 11.446833
-10.685922 -2.443734
10.460065 1.515737
5.871472 4.158865
12.642680 1.299639
-12.443998 12.446835
7.363987 -3.606526
-4.939588 14.454561
4.321403 13.485925
-2.941423 6.198286
10.043054 -6.504219
-7.958801 7.461705
1.764831 -13.286286
-8.361586 -1.960442
-7.799032 14.926135
-4.118375 -8.040480
3.661411 6.531219
3.365844 -10.516161
-10.227927 -4.306752
-8.402190 10.747954
2.133252 -7.697131
2.069870 -3.961677
12.672421 -6.846155
-13.794871 8.593382
-2.542642 -3.174597
-6.225714 -2.348254
7.141070 -14.741857
-3.988944 -6.694238
-8.036485 -3.153909
-8.420188 6.031268
8.206664 7.359202
10.351798 7.677242
-0.667544 -3.900724
3.601354 8.808717
-5.843944 11.222077
13.056211 6.549981
0.720769 -8.021768
8.322824 1.952833
-2.747899 -10.590105
-12.352590 -8.163206
1.303359 0.521481
7.980669 6.370466
13.906354 13.041272
-14.312017 -14.891625
9.136917 1.339246
9.061412 -6.060339
11.985693 10.936132
-3.595288 -1.262090
6.232895 -2.228813
-13.115043 4.559329
4.710862 2.087211
-6.759081 -1.084753
7.704763 8.818725
-11.650740 0.479993
6.775555 3.502794
8.932903 -9.670324
-1.727572 -10.377108
1.509804 -3.108621
-7.232137 6.414124
13.839400 -12.561167
-11.233334 10.754348
5.713992 -14.553736
0.166522 -5.864396
1.323666 -4.640819
-10.372264 7.307351
-11.607823 13.013230
2.208342 -10.136152
3.741134 0.616877
14.612739 -7.068598
12.348043 14.599888
-2.249902 -7.592834
12.911586 -14.345351
-7.504679 -12.911465
4.302521 9.745328
5.200833 -12.009591
-2.204786 2.691297
-11.934026 4.477872
-3.407427 9.819584
13.595620 -10.915668
5.430729 -0.933638
2.628290 10.775605
5.143174 -3.582120
13.518067 3.487876
-10.735451 11.631301
-5.591711 -3.520568
11.546579 -12.016300
-1.550247 -3.402582
-2.025767 6.622572
-1.887318 -2.372666
-14.205047 -8.765161
-1.465642 -0.791369
-11.476526 -7.653533
9.693990 -8.711664
3.695328 -9.117539
-14.884675 -1.739765
9.409641 2.515803
-14.521130 -0.535066
12.133836 -5.913011
3.057517 -3.264878
-14.891713 6.272915
-1.908476 8.777948
4.425050 11.866574
-13.236108 -14.692240
-4.808256 -9.955462
-9.708401 -0.302705
1.654579 10.474761
1.842777 4.161579
13.275662 7.944389
5.553525 -7.181983
6.095050 8.493623
3.069707 -4.416866
11.191315 -6.463556
1.173646 11.811724
-10.598155 5.240809
-9.656332 14.842059
3.698101 -0.645043
-7.321394 -10.868637
-4.073839 8.933942
7.998350 -7.136732
-13.237145 -10.112995
2.285812 -0.175541
7.644907 -1.152301
-2.021163 1.472478
14.479545 2.933434
-0.352787 -13.010964
-6.313427 -8.687268
-9.296116 -4.931185
-4.500269 -5.374165
-12.865315 9.328883
-7.580092 10.055896
-1.388574 -13.108607
9.337725 5.069981
0.746275 9.529315
-1.533155 -9.244874
4.109872 10.758273
7.851814 9.819244
11.769887 -9.922899
-8.802667 -14.596395
-5.077460 6.282600
-5.629308 -0.497958
-13.135589 -9.093009
9.666349 -12.448042
10.680025 -9.577442
-5.730635 -7.837076
-11.428253 -8.701457
9.219629 -13.808612
1.955677 -1.736689
8.775750 0.220765
-9.728083 8.929140
-2.388359 -12.742308
-2.567602 13.522836
8.349586 14.309395
-5.298024 9.451409
14.483612 -14.642198
-8.252138 -13.646911
-12.070241 -10.522125
2.806946 -1.113758
-2.555856 -13.808019
0.466044 10.753871
9.811496 -5.390444
3.788207 -12.905312
-4.524172 -0.891513
-0.501305 7.813425
-11.290962 -11.297818
-2.484354 12.179887
1.083019 13.085463
-9.897784 -3.176596
-14.253816 -12.741613
-13.629014 0.442504
12.024434 6.324113
3.008858 4.724536
2.945970 -6.962809
-4.385455 -14.695062
3.504000 1.679126
7.561715 -8.088135
-4.890573 -2.803436
-8.653725 -11.024189
14.338917 -11.682867
14.455798 -3.793479
-9.585231 13.692854
-5.245874 13.084405
0.668434 8.388402
-2.989753 2.016625
6.747475 -0.133933
-13.345486 -4.519453
0.622704 6.112403
13.114864 11.080679
-12.645933 0.251454
-4.530032 11.363669
2.662496 6.053130
-1.568257 7.590083
-7.007380 -3.216277
-3.393730 12.916903
7.217519 -2.544765
-1.069720 0.609840
-0.463490 -11.166258
1.115400 14.193831
-1.377880 9.656442
8.712798 13.329846
-5.874940 14.075556
8.077149 3.409072
0.753441 -11.563171
11.604018 -8.544907
-2.686652 11.045117
5.664298 0.339863
-8.648243 -0.125176
-13.875500 -13.819143
-2.875237 5.090581
-2.979978 -6.521540
-10.879796 -6.498106
-1.169484 2.921099
14.864139 14.348204
-3.449458 -5.595969
-8.425773 0.998122
-10.669958 9.569462
11.080584 -3.500548
-12.274337 -11.702645
3.220946 -7.994888
-0.048773 -8.709210
-14.760928 10.445016
2.314730 14.208221
8.348161 -14.655434
0.091941 -1.230303
-12.441719 -3.627037
-3.952742 6.227293
5.167488 14.394970
-8.025160 -0.988617
4.721972 -0.160541
-12.129263 -13.117594
14.938891 1.861608
-7.298238 3.254278
-10.849345 -0.217699
-10.112150 2.118995
-0.575149 6.420987
5.823010 6.672986
-4.990013 -6.943774
3.366353 11.597864
10.214948 -14.019377
6.675736 9.367412
-7.770945 -7.151158
-6.448573 -12.880450
-5.828299 -9.761312
-12.680462 13.728310
-6.788596 10.732611
4.356242 3.135409
3.711836 -13.963948
-0.616084 -9.790587
-9.997081 3.166526
8.034224 -9.075314
-4.383611 -13.618888
-8.125026 2.382263
13.627121 14.602846
-11.125555 -13.545026
2.133419 7.624560
4.938819 -6.353996
9.102469 3.682357
-2.921139 8.624705
-3.501848 1.065969
-4.362163 12.561990
-11.802758 11.613163
4.254075 -4.078178
6.201244 11.460637
3.947613 -11.832323
-4.464552 5.353409
-3.600504 11.874398
-8.288297 -9.852169
3.581096 12.579071
-12.514002 10.412696
4.343949 8.062627
-7.179477 -9.589927
8.887516 -11.055848
-7.471085 1.465280
4.978168 9.007709
7.016509 -9.430953
9.973523 0.626587
-1.018088 12.088381
2.799938 -13.290241
-10.639581 -5.410882
2.589512 1.046541
13.942041 10.409547
13.753579 5.724607
-11.222856 -12.493000
12.354885 11.888784
7.330906 1.742922
-1.040830 1.702927
-6.908764 -13.875790
-6.363418 0.212855
-14.450659 11.554579
0.580560 -13.833583
-1.117300 14.500405
-9.269862 -12.142755
12.878554 13.546272
-4.114286 2.248210
-9.518368 -10.382024
-7.619639 8.993262
0.195289 7.088590
-0.530602 11.138147
-1.578604 10.646768
12.253880 -3.822604
0.973258 -2.206681
11.235008 4.411050
-5.107453 8.420450
0.652952 -10.532998
3.080054 13.514036
-11.419694 3.154804
-9.397794 12.667587
-3.702316 -4.605357
5.557498 13.392386
-14.990719 9.385251
-8.716006 3.199847
-0.045221 -2.623817
9.798382 9.183179
-5.371213 -6.015718
6.622532 2.475937
13.242375 0.080648
-9.437368 0.770618
5.443781 12.397913
7.537508 4.316484
12.912340 -2.671353
1.052129 3.474264
-7.508609 0.272717
-11.265249 -3.509643
-12.666754 -7.015279
-5.355651 -1.540892
-12.694107 5.499664
4.823001 6.042582
-10.073237 -7.153169
-9.103316 -1.141139
-14.769056 -7.934304
3.858535 4.025859
5.481912 10.648034
-3.432827 -0.025901
1.018984 -9.529661
-0.566450 -14.651726
12.602738 -7.975171
-4.477196 7.087218
-0.392757 8.914651
-5.675397 -4.665091
-14.284384 -10.023768
-14.913257 0.628095
9.733547 13.177348
-11.676039 5.485188
-7.767975 5.152567
2.578718 8.739531
-2.462094 14.689683
2.090824 12.866558
-13.821677 9.683511
-3.173698 -8.534318
10.047875 6.597889
5.168242 -2.503662
-14.384962 4.535888
-7.633645 -5.482777
-7.565126 11.695057
-2.940438 -2.157091
-5.699271 -14.843646
14.578823 3.989357
7.023672 7.316429
5.846056 1.782530
3.006268 3.225971
-6.056434 -6.774250
-1.699185 3.779699
11.296606 5.429280
-7.528617 13.809432
13.593037 -7.271346
-12.454230 8.402430
2.936576 -12.204230
3.302318 14.550909
10.421845 -7.675655
-0.509410 -0.225858
-8.773860 -8.012214
3.254520 7.768591
11.378254 -1.843320
-6.581231 12.053512
4.606182 7.030483
-2.827498 -9.533513
0.998067 2.430786
1.697739 6.380384
-11.739123 9.720392
0.090690 12.028652
-4.802607 -10.986512
14.817252 -5.250120
3.998712 -2.832435
-3.914100 -2.455848
-13.117225 -12.547048
-1.529445 13.237952
-10.625981 -14.883238
14.272618 7.193893
-2.356070 -5.695189
10.927003 -0.097261
-3.859481 -9.303205
9.032035 -1.415999
8.899260 9.783387
12.568656 -10.778127
10.198572 12.065080
-5.411377 2.267965
1.837883 -12.187982
8.266582 -13.184143
-5.704851 7.616110
5.893761 -5.456959
5.481448 7.692046
-10.117840 6.273305
-3.524800 14.419567
0.676691 4.695838
12.352995 5.350444
-0.921972 -5.560994
13.372349 -8.673534
-14.379208 -6.394628
3.272694 9.986849
-2.765055 -4.153477
-9.058113 1.823878
1.579628 -8.674461
6.759287 -10.827565
-6.672348 14.779225
-1.816836 -11.636103
-10.288458 -12.868778
5.874743 -8.187583
13.858114 -4.822856
-12.211734 -14.341015
-8.648201 -5.758052
-12.801170 6.694987
-6.407673 4.588938
0.164366 0.855504
7.792722 12.896194
-8.247531 -4.258796
-6.317076 13.072483
-10.599439 -1.187301
14.616707 -10.180741
-5.463618 0.753411
-11.902307 -6.318832
-13.572071 -7.457356
0.575929 -3.616651
14.720063 12.175569
-1.202986 4.654657
-8.599537 11.992817
-12.670328 3.549594
12.127234 -0.545392
-9.175303 -3.871819
12.549909 -4.782558
8.690094 -8.215655
-9.546748 -13.852821
-6.259779 8.551136
5.539068 -10.930469
2.205531 11.747114
9.775576 10.280419
-13.930761 1.548381
-4.764505 3.849185
7.078164 12.153402
4.066874 -5.250161
