3.567728 9.585474
-2.578638 11.152437
-9.332915 11.842991
14.155196 6.015032
-10.047774 -12.001913
-10.553833 -1.312876
-13.588332 12.350431
-3.085504 6.279518
-14.984999 -1.050887
-14.869186 -6.692263
-1.343135 3.792931
0.005510 12.401075
-2.869701 -2.332689
4.721355 7.731038
11.210863 -10.282028
10.117027 7.039841
14.096683 -6.423062
-6.685490 4.570382
14.992750 -13.759029
13.884607 -0.059176
2.808415 4.299984
11.214118 -12.678930
10.525301 10.054969
6.399594 2.864781
14.190649 2.060540
-11.922502 -8.890731
-3.135077 14.650744
10.873464 11.222915
-8.060244 14.218612
12.964685 11.541312
-12.078727 14.503430
12.719708 14.433439
-4.150762 -4.614826
2.294717 -14.433439
-1.987470 -1.802912
14.042397 10.745558
-6.036260 10.421716
10.274018 -10.749214
-0.843413 -1.993303
-11.241853 5.085256
4.745755 -8.907793
4.673862 1.378792
-0.109574 -0.974376
5.427045 -4.210040
11.120141 5.740682
14.225948 7.045395
7.535486 -12.778361
-7.243830 5.668744
12.095652 6.464232
2.584120 6.548425
11.893459 11.282595
12.087777 -7.779830
14.836119 5.175195
-13.258103 -3.807159
13.001964 -8.376339
-3.522377 -11.739511
9.276967 -3.149975
-9.342632 -1.455487
-4.572729 -8.785816
0.799570 -10.307429
1.085083 12.343823
-14.641437 2.260599
-14.770281 6.098042
-9.338803 13.593638
-0.319337 3.321920
-0.418783 -11.060728
12.351428 3.582729
-10.066531 -7.100638
-1.402892 5.261070
-7.733514 4.651388
8.497744 13.166069
1.434632 6.704727
0.104094 -7.570335
-10.758860 -8.781711
0.130284 -12.087272
13.020247 10.271142
4.336948 -3.742428
-1.830695 -5.816410
-10.769759 10.094120
-1.318617 -11.656089
-2.727770 -3.781161
0.705760 10.294380
13.353718 -4.310819
0.700089 -9.261967
6.764359 4.171373
-6.518787 -8.840575
-11.458632 -7.894111
0.274663 0.176863
-3.989518 -1.807446
13.151801 -5.929504
8.138351 9.260170
-8.194542 -13.120862
-7.154556 9.434912
0.985286 -6.833471
1.964679 -10.387108
-2.272828 2.052374
14.745427 4.030740
4.731967 9.442636
-11.698427 -0.408044
4.350141 -7.148675
7.894293 -10.494711
-6.451624 -7.493413
3.275999 -11.166392
13.777380 -1.106931
9.690238 -9.917474
-9.824434 10.920299
9.689693 -6.715022
-9.178532 -9.098171
-3.715760 10.165628
-3.253383 2.288714
-9.251823 9.335373
4.994086 10.415025
-1.829623 9.488152
0.507161 5.196360
-6.324669 6.990995
-9.146571 -11.407507
13.892148 14.049078
13.259166 -13.528658
-14.565400 -4.006054
6.324638 -12.870100
6.888637 -7.955530
-7.557305 2.511547
6.089214 -5.064250
1.454345 9.174767
-5.549661 2.612029
-1.781448 13.594892
-13.101843 9.340730
5.262732 -6.583560
5.978793 10.921605
-5.976049 14.749211
-7.835543 6.510410
6.143967 -7.242903
-10.274672 14.158363
-12.955868 3.533401
-3.081996 -4.763402
14.507999 9.732003
9.987545 -13.694719
9.351024 9.876947
-3.454342 7.698454
2.365173 -2.007778
-1.844037 -2.795933
9.811794 10.899205
5.314571 4.358111
7.681903 12.505846
-14.113361 9.407502
-5.952559 -13.021111
5.536026 -13.577657
-7.948999 -2.820988
-7.784607 -9.674412
-11.620742 -12.651107
1.418853 1.454435
-9.920673 5.430290
-12.972064 -6.009713
12.913772 4.453307
10.077570 6.001072
10.759692 -7.037475
10.856233 3.052287
-13.967287 -11.065045
10.718475 -11.754108
-4.748671 -11.013276
3.509276 12.403922
4.262997 -2.672842
12.359207 -3.787682
4.536146 -13.324761
-8.092178 -6.109093
5.776512 -0.968730
13.160526 6.899152
-13.543917 10.241545
-7.986252 -0.590245
-3.993058 -0.556640
-3.506671 3.287990
-9.475686 -8.058105
12.917097 -10.410327
7.758144 -8.474774
-10.551531 -0.177474
14.778596 14.985048
-5.716458 11.886251
0.911622 2.481516
-4.722095 13.306635
7.569376 8.295392
-7.150629 14.848815
3.774949 0.464512
-13.959731 -6.245192
6.886116 -4.069123
11.501797 12.266790
6.193755 -1.959442
8.469925 -2.401310
-0.611443 1.026452
2.780263 -5.852333
14.990130 -10.420393
11.930236 -6.660152
-7.212551 -6.837257
1.075069 -11.370326
-1.862795 8.411274
-3.621372 11.253755
0.212407 14.798682
-13.337335 -4.824034
14.493217 -12.823452
-6.664768 3.252148
-3.553734 -8.218960
14.014101 0.957718
5.554346 12.713990
3.990994 -1.626475
-9.667920 -6.005680
-11.785369 -1.640742
-10.349388 7.673302
-5.952746 -2.522739
-4.938727 -3.971227
11.123183 6.917786
-3.692412 -3.508756
7.106434 10.386945
3.259692 -2.462477
-4.596540 -9.810671
1.516944 0.397246
13.801651 -14.700274
6.898587 -9.158543
4.371606 14.686342
-12.776539 -14.441079
0.780735 -12.883748
3.763409 10.751342
-12.958265 13.204854
4.014548 -11.958540
-4.929379 14.377650
-0.313732 -8.809865
13.902157 -7.420999
13.009394 0.755344
-1.636778 10.721534
7.758427 3.939049
-8.559397 7.613864
2.124995 -0.787842
-10.156725 -9.618497
-9.724938 -4.877331
13.862828 11.996782
6.488318 -3.137327
8.945928 -10.757177
10.377525 -0.895690
10.625791 -5.877753
-6.796567 11.501357
-8.125436 8.622084
10.081622 3.872111
11.030941 0.781802
13.939994 -8.824982
3.272412 -7.160953
3.640153 13.911989
0.280541 6.262153
-2.300420 -8.896867
8.432055 -11.636497
5.924062 5.495815
-11.381823 -9.745963
11.179518 4.130566
3.584892 5.006276
5.543063 14.851721
6.328607 -11.309360
10.971868 8.138894
-13.383354 5.845477
-12.588803 2.406308
7.264855 -14.882428
12.730817 2.003405
14.172992 -2.323502
-2.363116 0.922551
10.191873 1.356135
10.011271 -3.867050
-5.076667 9.820896
-14.957765 11.494094
-8.700981 10.559147
6.479855 -6.007726
4.550746 5.441935
-5.812996 -10.255453
-9.421229 -0.397209
-9.969980 12.663810
-6.988344 -3.385967
2.269153 -4.909860
7.933822 1.283081
0.990957 -5.137936
-3.707229 12.491371
-8.096650 -11.947963
-12.195794 1.245968
-2.503724 -9.947947
-8.237261 1.672805
5.322918 8.603712
9.062516 3.065940
-7.795265 -4.131125
2.124410 -13.099037
3.707019 -8.288021
-10.351458 -2.315868
1.822762 -9.311131
-11.394090 7.311428
-14.996977 -9.175735
-4.702492 -2.641832
6.309984 6.516896
12.041369 0.329571
-6.996553 -11.980279
14.117529 13.032584
0.029435 -4.380059
-11.968900 4.394076
-13.165378 -2.063645
-8.406395 13.193511
11.708530 -8.710061
-10.455975 11.736142
-7.130692 -0.066481
-10.633687 1.492328
-2.583658 7.192495
8.975608 8.703830
0.358201 -2.022369
12.455548 -14.281956
10.618474 -14.584011
6.484880 -14.075870
-1.227668 2.058798
-0.770555 -6.394520
1.536290 13.559397
8.800629 11.230449
-2.277808 -13.315137
9.511441 12.012014
-4.420270 0.787812
7.145013 5.891836
-1.129743 -8.048413
11.863290 4.877006
6.491451 14.455460
7.544922 -13.847409
9.762122 8.034723
2.301304 12.285452
-2.622358 4.117256
5.407468 -12.275652
4.255279 2.884106
14.869513 -8.055499
4.360595 -0.575755
3.049105 -10.067155
-6.136338 8.859933
-3.146045 13.448304
12.016678 8.122203
3.598331 -5.237002
8.224859 -9.514343
-4.168738 -13.288182
-0.448057 4.896553
-2.413228 5.192622
6.534223 8.308943
-1.586675 -10.437029
12.929537 -11.503000
13.008747 13.348831
11.323272 -4.602845
9.822928 -4.897249
-2.610730 -11.201720
14.489661 3.049353
11.720650 -5.654924
-6.172209 -4.149347
-12.993515 4.796096
4.305260 4.111686
13.482281 9.232282
13.388144 3.454195
-3.959995 14.060885
-10.945473 -10.889644
6.401867 -0.039825
-12.559909 10.547837
7.489314 -3.002351
3.737543 -9.297327
-12.027478 -10.562546
-9.937661 -10.627290
-4.730853 -5.512442
-14.971796 -11.581395
-11.100553 6.087995
3.768477 6.077328
-11.920420 13.458870
11.089402 1.943110
-7.166523 7.596074
6.724163 12.060841
13.102710 -2.853044
-13.725053 11.351317
-10.058707 6.525659
-1.451082 -9.437650
3.746627 -6.233824
-7.525898 0.910460
13.051390 8.311775
2.351745 14.512511
-5.466231 -8.081606
-9.491915 -13.696668
7.615644 11.419399
4.557975 12.957286
0.402371 1.252908
-11.214203 0.633557
7.293568 -5.375160
-13.466786 -8.775115
1.550606 -2.588300
-6.814898 13.763659
-5.173745 -0.433365
-8.999658 -6.906845
5.910092 -8.764144
-3.232679 -12.847696
13.948211 -3.442365
-12.516428 -8.007852
11.112623 -13.677994
-12.697756 -9.745439
-6.459104 2.141398
10.503235 12.153956
10.390155 -2.909974
13.777002 4.976706
3.934072 7.083023
-13.960620 -7.847332
5.440026 13.812962
5.201965 -7.735445
7.426370 -11.754166
-2.999972 -14.257996
0.956171 -0.602653
-4.778899 1.727660
-6.531348 1.084216
4.839717 6.403543
-10.793648 4.044408
-11.891561 8.686586
7.973171 -3.921747
-2.405173 -7.645086
1.722495 4.624045
-11.782333 -11.627553
-7.037760 10.463774
-13.326118 1.657561
10.168620 4.951201
-8.741609 5.128026
-0.843952 6.408026
0.109811 -5.682454
-9.032405 -3.568744
14.060004 -9.889331
5.703139 1.811193
-10.727173 -5.100279
3.122393 -4.313469
-5.538574 -7.059042
3.546880 -13.663248
2.828224 0.122727
-6.625498 -5.118461
-7.047551 -2.265618
-1.504818 12.054797
-4.036118 -14.759739
-0.600181 11.457283
-8.627214 0.263195
-5.678601 7.874340
11.237618 -3.519079
5.470660 3.341572
-1.454356 14.683764
-4.724041 8.485589
-13.020048 0.526080
-5.587206 -6.037600
11.920028 1.355386
1.674040 11.260009
12.484239 9.416943
7.993036 -6.273725
9.064157 -8.902834
-6.362328 -14.180302
-3.999400 5.623855
-8.728469 2.591087
14.063799 -11.259103
1.339203 -1.581190
-1.539614 7.452670
-14.555753 8.358862
8.380699 14.856474
-8.240004 9.644082
5.340237 -10.958544
-10.699962 8.828195
-13.791729 -13.454849
14.855872 0.232379
-2.237013 -12.139136
7.952189 4.957640
-8.319778 -14.811801
7.084114 -0.998221
-12.782183 -11.479440
-0.727459 -14.574849
-13.957987 13.409165
-3.604661 -7.187143
4.562437 -9.985256
2.886542 7.762593
-0.405754 10.279203
9.701027 -11.630151
14.341891 8.411567
11.719099 -11.195515
8.221041 10.346066
5.659455 7.361296
0.744170 -3.513380
-14.629718 12.518976
-4.510537 2.783832
-7.733795 -5.166378
-7.393088 -14.074273
-3.751870 -6.074574
9.141181 -5.845412
-6.022578 5.970655
-0.867148 12.897835
0.492650 13.653050
-5.144701 -14.096561
8.964865 4.313760
11.178976 -0.227884
8.876512 0.697067
-4.570534 -6.655250
-0.520912 -10.044455
-13.821820 -1.302352
-14.556812 -2.066796
1.860856 -3.950829
-2.733204 -6.637582
-12.276602 5.715305
0.268552 9.336702
-13.967419 -3.019769
-5.785938 3.896002
-0.422850 7.359243
-10.772765 -6.221499
2.235993 -11.788578
11.829296 -1.131510
-4.587119 7.366357
10.319520 14.444168
-0.751136 8.995443
10.054747 9.105410
-5.599068 -5.009144
0.665722 7.567070
2.860317 11.455926
8.860907 1.792818
-10.923192 13.166617
9.338651 14.086208
2.578523 -3.251965
-4.515954 -7.711547
-1.013659 -5.195603
14.899161 13.850590
12.952654 -7.002254
-2.262833 3.111425
-10.065340 -14.766648
-12.729918 11.602156
7.239203 6.908167
6.167981 9.895048
-5.469585 0.968586
-11.767744 -2.742158
12.697912 -9.339923
-3.422705 1.273753
3.129571 -12.695527
-11.850379 3.237897
-3.604184 4.406281
-2.527116 12.339195
11.720654 -2.508749
-4.711532 12.164611
12.924938 -0.520592
-11.863871 -5.772235
8.897795 -13.717177
1.866152 5.716134
10.049091 -7.771733
4.980442 -1.973528
6.700058 13.282561
8.382406 -5.071209
-6.053613 -1.456830
-0.477375 13.995030
-10.615441 -12.861442
-11.547304 2.114952
8.997567 5.360426
-1.076986 -3.980573
-5.492265 -9.267631
9.603672 -1.923047
-1.196629 -0.832875
-4.909723 11.002334
-9.508164 3.323106
-7.622610 12.283668
-12.190809 -6.900570
-11.610174 -14.129017
4.276690 -10.993276
-12.781667 -0.543721
8.120150 6.425838
-4.940368 6.144378
-8.701122 -4.803390
11.526519 10.316757
-13.568898 2.683433
7.017090 0.774402
10.827848 -9.266547
14.457061 -4.346153
3.265495 2.295080
-0.839934 -12.594594
7.951716 -7.295948
-8.640106 4.035328
-14.568567 7.296301
0.641768 -14.018949
-14.044620 -0.326109
11.851096 2.608231
-14.112940 3.729866
-14.157154 0.713885
13.000573 -1.829127
-3.526434 -10.594059
11.348036 9.182643
7.125275 9.306071
-1.301238 0.194931
2.541060 9.967987
-9.191910 -12.632469
14.988276 1.289637
10.959963 -1.821887
-7.025649 -10.810734
0.472879 11.504237
12.899297 5.467336
9.099042 6.666284
-14.072118 -14.445898
1.351262 -8.338783
-0.231641 -3.239246
-2.346315 -0.182396
7.642097 2.926299
10.110233 0.323915
-14.147219 5.073353
9.965580 2.583347
-7.666365 -8.567979
2.350944 1.004101
1.299568 14.819593
-4.789552 4.139945
11.774286 14.886920
-13.866658 -10.005490
-1.262991 -13.689685
3.172828 -0.977058
-14.423158 -12.511640
2.775448 -8.939296
7.801227 13.928433
-4.982566 -1.547252
-11.040635 14.815880
-0.193275 -13.453088
14.931270 -3.031345
-6.638115 12.691692
4.863168 -14.346973
-9.418421 0.894454
-10.803593 -3.987615
-5.801619 -11.905951
-13.432877 8.273975
13.507021 -12.381867
10.208639 -12.637578
-9.762776 2.157894
-8.253321 -1.614233
-10.544635 2.944468
-11.714801 11.836199
-9.712110 4.451679
11.566938 13.729397
2.485457 -7.894663
-5.607303 4.960889
9.109103 -12.621734
-0.242160 2.280722
2.649141 13.355479
-3.312484 0.182308
-8.962657 -2.537272
12.523444 -4.870095
-2.921607 8.965879
-4.482378 -12.112124
-13.401805 6.964058
-0.038961 8.288333
9.429365 -14.902317
-8.472160 -7.942259
8.449208 7.795299
7.501863 -1.918046
-13.215614 -7.116087
-7.082273 -1.232132
5.593330 -9.830939
-8.155798 -10.905496
-7.907400 11.223362
-3.953253 9.169696
-1.961456 -4.488904
-12.395292 7.076095
1.791440 3.582919
-14.631092 10.387534
12.519877 12.438751
3.491615 -14.786539
2.773453 8.871002
4.894554 -5.588293
-5.748704 13.586660
-8.946247 6.494568
-3.130864 -1.269991
-13.160715 14.559017
5.437885 -2.872758
-6.026943 0.135494
2.020577 -6.913465
9.530852 13.016572
5.500910 0.488800
-3.571662 -9.492726
3.196961 3.298300
-11.527517 10.820445
3.841534 8.386687
2.285426 2.577509
12.097834 -13.263379
-10.591384 -13.879679
12.144849 -12.233355
8.656077 -0.473544
14.415851 -5.425587
4.609682 11.761531
-11.738846 9.785678
1.792436 7.698578
0.731515 4.198960
7.676175 -0.051789
8.977232 -4.106428
-14.421619 -5.016918
7.223119 2.015206
1.587824 -6.010939
-1.615248 -7.013640
8.925812 -7.657194
-7.687530 3.507820
6.596714 -10.120626
-9.522144 8.265037
-12.646337 -12.588349
10.552293 13.170292
-1.852843 6.461800
-11.960820 -4.509539
-14.275913 14.445485
