-12.360973 -10.820519
-4.493176 10.870696
-10.528878 11.056504
4.304667 -12.203439
-3.181010 -9.914814
4.779355 5.107924
12.406729 9.568854
13.888434 -8.530965
-12.776596 -9.525398
11.384844 -6.882965
-5.149449 -7.775854
13.645562 14.122744
3.202707 -8.930494
12.158600 12.332411
12.791884 -8.531900
10.002798 -13.006774
14.859140 -4.878793
-4.051137 5.144503
-11.072567 -3.386545
7.465383 4.158097
1.874870 1.948634
10.939911 -13.663314
8.308343 7.868730
5.413123 -14.398593
12.488190 -10.363350
4.092463 8.082585
-4.612424 14.170176
-2.025460 -8.078134
-14.346278 1.306539
0.717478 -10.834395
-9.514913 14.198388
-4.010246 -4.482947
3.471029 -13.117081
4.495646 13.684918
-2.709482 -0.673742
14.035629 10.606932
-10.355936 14.792274
14.239026 13.123352
2.608005 -0.906033
-11.513930 6.764351
9.069727 -0.763392
7.273727 -5.533848
2.008708 -1.856125
5.125866 -5.220906
8.509825 -5.039777
0.178147 1.329271
-3.789601 -7.182656
-4.278232 7.045140
-8.118634 -10.779241
5.261956 8.220175
12.852614 10.492876
5.347906 -6.196992
-8.456569 -5.273220
-1.169519 14.382430
-1.677818 2.913646
-8.631649 7.559814
12.255205 6.411987
-0.159980 11.975253
13.310544 1.747816
-6.097984 5.834757
-0.124105 14.090562
-14.792798 2.519070
13.088675 2.755770
6.059548 -7.189556
-2.760982 3.437363
0.251152 -0.912561
1.741339 -7.187659
-10.971799 -6.297885
-0.210775 7.679087
4.195980 1.827961
9.893540 -14.282221
1.330960 11.660235
2.593483 -4.263354
-8.764068 3.513431
2.188516 -10.119089
-11.341385 9.340990
-4.126192 -0.821545
-1.872697 10.570965
-12.516547 12.958474
-14.154541 0.163985
5.706122 -4.114703
1.862123 8.185753
11.652406 -5.793236
-7.783016 10.852642
-7.958342 -11.825525
14.862419 14.336083
-11.721227 -10.038748
14.538940 -9.318977
-5.731463 1.675273
8.604614 6.503815
-9.029540 -6.568923
2.760028 6.002926
-8.529054 11.975277
1.386750 -2.824636
-14.210538 -3.031204
-7.925303 9.533602
-8.940218 -12.057801
-0.150750 4.553170
0.576890 3.805195
3.558951 11.759132
7.087762 2.579450
-5.194326 -8.812338
-9.714079 0.326339
-14.489461 7.707669
4.820002 12.127138
-8.191511 -0.727882
9.630022 -8.309924
-9.519432 -1.757212
-10.412718 9.995492
-11.328172 11.762955
1.681692 -8.189455
11.644327 2.762708
10.327470 -7.003826
-2.468616 -4.750434
7.357433 7.344510
-9.933958 -11.535254
11.251072 -0.407112
13.654413 -10.440364
-10.112806 -13.051360
-12.417877 -3.795039
14.725548 -11.148916
-14.328855 -14.737931
12.916896 -14.277303
-14.093037 -1.073837
-0.527731 6.198644
-3.462135 14.594998
-14.613079 5.178694
-5.189011 9.649529
9.594712 7.532835
7.445552 -0.357711
-9.736771 7.935153
-6.030463 13.781842
2.836493 2.261793
2.177628 5.068392
-0.331213 -8.107235
13.242424 8.921878
-11.551751 -14.803606
8.488967 8.882271
-2.353951 -14.952815
-13.003100 0.242342
10.999976 -1.408452
-8.519338 -4.127405
3.785105 3.116074
0.189589 -3.012036
-13.367711 11.422745
-4.194538 -13.410351
6.508679 -14.286646
10.868352 -12.456955
6.864035 -6.565466
-6.589999 -12.465448
-12.314246 8.694402
-11.235472 4.382760
-10.086003 -8.206976
13.668303 3.716727
0.230436 9.796262
-6.931601 -5.115803
-11.714824 1.617786
-0.786562 10.009911
-10.410795 -7.182938
-5.184255 2.851322
-0.345704 -4.159128
3.011300 0.098491
0.922835 4.803472
7.043013 14.338636
9.532226 13.500960
6.556553 -13.258108
14.874515 6.680825
12.093579 1.654982
2.440817 -13.807297
2.072350 2.970372
-6.730138 1.166394
-13.409120 -11.451406
1.288140 -0.708046
11.808321 -4.725263
-14.072445 -8.207022
4.181920 -8.404920
4.297097 -6.370416
11.419074 -2.324463
13.111488 -7.539556
-13.690895 -10.316394
-8.227784 -12.955016
3.213181 -11.795172
14.516474 -6.786431
-5.303227 -6.606432
5.359341 -8.202293
5.261156 -1.248760
-5.634827 12.514347
-2.021551 -9.592042
-11.401998 3.048275
12.645821 -11.673119
-12.438381 6.360223
-13.126036 8.094194
9.316764 -6.704283
-6.214889 -0.017483
-9.273140 5.709907
1.024614 -14.124402
-2.684293 13.083486
-9.161419 -8.724584
12.242620 11.326069
-10.217651 12.601393
-5.299221 14.945507
14.221255 11.971074
-7.285679 -13.465195
-14.780026 -3.906260
0.576838 0.377732
-14.394001 11.701169
-10.138784 3.474749
13.402331 -9.441349
10.290114 4.276249
9.632299 9.764276
-9.980329 4.915000
-7.759067 2.704654
-6.362711 -10.376805
-3.672452 1.119576
12.725603 14.691600
0.368383 8.622386
2.288227 14.730953
-1.726732 9.562252
-0.439312 -11.550919
2.418480 13.630287
1.619803 4.066203
4.297973 -13.709759
0.676812 -7.765974
10.771555 3.316255
2.872850 8.213148
11.587860 0.733472
6.650686 8.136939
-10.814583 -5.135884
-13.358413 -7.480462
-0.371676 2.765740
7.603178 -13.846092
9.422825 -4.267676
-11.236661 -13.374865
-10.470021 13.768217
-14.157568 -9.322982
5.484957 11.325010
-7.482085 11.913760
-13.171460 -3.059077
-14.650652 9.674176
13.152063 7.825154
-1.369642 0.915253
-10.177022 -2.752883
-9.199747 -13.873000
2.539030 7.203301
-1.064186 7.048624
-12.828416 1.506763
7.497161 -11.407874
-2.943953 5.021563
-12.101591 -7.837506
9.290889 4.532114
12.440300 -0.357226
-8.351645 -9.315452
8.442194 -8.505868
10.852047 8.369194
1.528776 -13.253913
-13.344327 3.145809
2.520755 -5.458864
-0.870491 1.891368
5.775202 -2.358419
8.599495 -2.257709
9.050076 3.281814
9.204841 -3.141425
-7.540004 8.124867
3.872229 -7.322210
11.008317 -8.982855
-11.156770 5.411030
-4.453597 12.412615
-0.452091 -6.704137
6.709034 13.355535
-13.731067 10.198631
14.238967 0.774770
10.491466 7.051303
12.213376 3.712262
-13.216184 -12.565674
5.099901 -3.229792
-14.728247 10.693000
14.556437 1.754635
11.589615 14.256827
-11.058982 0.730418
4.163708 4.055705
10.273867 5.619428
1.195727 -12.155439
-0.312888 -13.727522
5.446918 5.954727
-9.188406 -0.611555
0.428684 12.858178
-12.121424 7.708565
0.861195 -1.952045
5.191309 10.264598
1.024660 -5.961305
12.106316 -1.569453
-8.772656 -14.874532
-1.884680 4.026567
-3.346039 -5.407465
-1.008345 -12.447094
-3.492056 -14.405084
4.140181 -9.937492
-6.784788 -0.975662
-6.061482 -5.861258
-10.612597 -0.294982
-9.526024 2.619579
-2.821850 9.231087
8.573197 10.040174
4.975413 1.132124
10.956394 -7.900473
7.917655 13.831562
-0.868131 -14.642920
5.415134 -0.179561
-10.196427 8.899069
-12.261645 -12.200749
9.833059 14.645291
3.402441 -14.212762
10.633175 10.458845
-3.316187 0.144805
5.929771 5.017290
6.087263 2.913130
-6.406791 -4.259566
5.938837 14.332175
10.624596 0.457213
-1.341024 -10.656059
10.781868 -14.789648
-13.753944 4.285332
-3.708612 6.127169
-11.869482 -6.856604
-6.095720 -8.208833
-4.571352 -1.799122
2.168792 -9.113666
13.449577 -6.559124
-3.184347 -3.482157
12.706611 -3.963333
0.193321 10.894453
6.346697 -11.007607
-7.017574 13.988876
11.382284 13.069995
-7.252230 5.008922
5.111212 2.244071
-6.460940 11.478875
11.397738 4.473008
-1.167639 -4.968362
-14.774725 12.897678
6.720928 -4.573417
-4.717797 4.026723
8.375685 -9.891608
8.407453 -3.972728
-0.459379 0.324574
-10.205356 6.182259
3.509979 9.062317
13.385804 11.386516
8.199130 -6.163729
6.007794 -9.976751
-3.095873 -13.483478
-13.241805 7.047185
-14.769830 -2.199763
10.181900 -0.755617
-13.787828 2.167029
-11.861173 13.777626
-12.559497 -14.401889
-4.586699 -5.306402
-7.354038 -9.985527
-3.245248 10.875825
-0.856551 11.106660
9.692556 8.589092
9.852326 2.605679
-6.905359 8.913119
-2.472769 0.993793
1.219469 9.247072
-4.109789 -12.102481
-0.239482 -10.447192
2.600004 3.846825
7.483219 -7.518778
-2.009869 -12.097997
12.103940 8.440729
2.515298 11.774524
9.560700 0.161307
-9.137788 -10.511277
-1.146598 -8.911044
7.661350 10.938660
-4.381287 0.314397
-13.585087 -1.965823
6.190928 -5.553250
11.994340 -9.164054
5.612778 13.168067
-4.566179 -14.366791
-7.931636 -3.006590
-9.212445 -7.665101
8.975793 -12.346209
-13.212350 5.157401
-3.471428 -1.607435
0.109409 -12.740080
6.784045 1.069810
-9.937361 -5.742064
-3.182023 2.438588
14.278299 -1.550890
1.225153 13.671059
12.775180 4.540204
0.439777 6.770345
3.615512 -3.363961
10.596149 13.990505
6.677148 -12.205559
2.675844 -7.692968
14.136340 -5.592239
-3.359351 -11.331318
1.818264 -11.133018
8.494592 2.189794
-7.643295 -6.195070
-13.820071 -5.214213
12.263071 -3.056695
-4.016090 3.240003
-3.110635 -8.590694
0.847424 2.376925
-10.573150 -14.141235
-14.443325 3.473353
8.173044 1.055562
13.871376 4.837642
-7.011030 -11.215450
-1.614733 8.065195
7.955148 3.263001
-9.441229 6.872494
9.625481 10.812338
4.357245 -0.721596
7.836781 -12.781869
3.774511 7.115090
-1.704785 -0.061414
2.457694 -12.784534
9.944656 -11.787557
-5.516841 -4.936046
-12.413853 2.752909
-10.392510 -4.162552
-13.135917 -8.574992
8.415532 0.073785
-5.699651 3.761922
12.312664 -13.418338
7.327304 -9.912799
-0.107800 -5.750378
11.371638 -3.554716
13.630198 6.671841
3.027539 12.773364
1.924876 0.276073
-0.780265 -0.790573
-5.792112 -1.795089
7.457161 6.242924
4.944930 -9.183751
9.221794 -9.273389
-8.383466 14.061758
-6.936472 3.772101
-12.130345 5.140073
-14.763664 -10.234737
8.818607 -11.284981
8.593336 -7.454020
-4.094628 -10.413650
12.334321 13.453418
-3.504725 4.118362
3.195157 -10.414653
6.373302 -8.182285
7.894782 14.970763
-7.332873 -8.622171
11.190362 -10.168027
6.031709 7.332764
5.901276 1.615741
14.319727 7.769453
13.861069 -14.838758
-3.167837 7.214378
11.600969 -11.277260
2.325706 10.718988
9.547949 -1.715494
13.069368 5.770757
1.301022 10.647134
1.216985 -9.640652
-11.031601 -12.341634
1.344927 7.314545
6.343966 10.390763
-6.583907 12.849478
8.821439 -14.241116
3.044215 -2.319923
-8.757580 4.765462
-2.525942 -1.992903
-11.906376 -8.854364
-1.440000 -3.988336
-1.384207 -6.116390
-5.076959 5.970031
9.087948 5.609260
10.921018 1.800183
-6.372587 -9.231667
-1.157931 -7.523210
11.243375 6.325757
-14.140402 14.103181
7.312672 -8.891011
-12.912557 -0.839862
3.828018 5.735626
3.510519 -1.406465
4.530917 -2.200267
-0.966269 -2.960949
-12.559987 4.102942
-13.755867 12.667880
-13.793430 -4.173918
-8.890400 1.570731
-0.290899 -9.438908
4.150649 0.266149
13.217249 -1.233056
13.453606 -2.388601
-8.869787 8.669155
-6.761015 9.919552
5.553667 9.176747
9.672119 6.470591
-5.151872 -3.865859
7.754448 -2.975514
-9.943938 -9.611027
9.754995 1.213564
11.641239 10.487033
0.641569 -4.947941
4.555008 14.792542
3.455568 10.711902
-10.670082 2.198600
-14.895013 8.642639
10.778897 -4.816793
-2.440465 -10.595638
13.291009 12.571165
-5.137880 -0.932434
-13.790758 9.049581
1.660018 -4.770875
-6.495645 2.725296
11.900792 -14.467146
-10.612526 7.313576
-1.639325 6.132797
-14.468538 -7.064134
6.861493 -2.165436
6.432968 6.200269
-6.551460 7.096902
-8.110031 -14.087077
-4.358922 8.946537
-5.820809 -11.760537
-3.940469 9.923491
14.239709 2.783363
3.364940 4.705716
-7.470944 0.041968
2.586390 1.236185
6.056645 12.233299
-9.492816 -3.580804
-6.673995 -3.276546
14.744537 -7.776682
8.864222 14.336477
1.427526 6.198316
10.531694 -10.960434
12.827968 0.657054
-8.084746 12.983758
-6.230215 4.779661
-5.638681 -13.713736
-10.414120 -10.530016
-8.276642 -8.148966
-4.999050 -12.591482
14.153966 -3.686419
-11.757200 -4.565392
-8.830419 -2.526858
-11.991361 0.017830
11.748769 7.465547
-5.634079 8.128463
-12.077217 -5.761476
11.131498 11.749919
-5.426869 -10.011904
6.483229 -0.085067
12.793723 -5.611991
-13.923793 6.155882
4.899421 -7.235490
-7.465574 -4.152307
-6.321058 14.744252
-12.324716 -13.418968
-1.318995 13.061886
9.507641 -5.445181
-11.454026 12.808344
-6.872846 -2.118918
5.178268 -10.661414
-12.461366 -1.891808
-1.306817 12.012650
-4.908856 -11.138964
-2.117524 -3.142601
12.361701 -6.613297
7.687248 -1.536737
6.650927 9.393875
-11.127284 -11.335973
-11.099650 -7.914561
13.711457 -0.125123
13.720480 -11.495277
0.867375 -3.898108
4.116757 -10.943553
-10.847772 -9.011332
-8.545942 0.562229
-12.732677 10.014868
0.171787 -14.833915
10.396035 -3.876754
3.864689 -5.357265
4.798966 3.264808
13.488041 -4.731814
-5.483200 -2.763575
4.925093 6.972801
-2.051538 -13.102068
-0.873795 3.787058
-1.089031 5.055181
11.358757 9.376586
11.841688 5.408540
1.108082 14.780774
5.520298 -11.920584
-2.821928 -7.458187
9.307096 12.271916
8.561043 11.500359
-12.093359 -2.823097
14.665628 -14.190350
-9.394493 -4.736426
4.284393 -4.443297
6.295789 -1.091814
-1.879343 1.892720
-11.383488 -1.921076
6.459372 4.048468
-5.404980 6.944229
14.791233 -0.127448
-14.376986 -12.143399
9.496448 -10.498113
1.303974 1.116343
-13.953372 -13.492576
4.501594 11.064319
-12.367563 11.631247
-7.952671 5.740434
14.528661 -12.346019
-2.658085 -6.276412
0.333703 5.677177
5.378505 -12.951813
-7.883162 1.438512
-9.220177 13.221212
-5.272662 0.785817
3.518397 14.540805
-4.160233 2.215112
-5.568950 10.991031
-7.754976 14.863737
14.317444 9.581153
0.475399 -8.757989
7.624418 12.412644
-7.803463 -7.228526
-4.247328 -3.127833
-10.493733 -1.325980
-0.792619 -1.925633
-4.167312 -8.213362
11.987830 -7.741883
-2.342923 12.011508
-9.373028 9.563874
-13.306589 -6.235443
-0.871619 8.843848
14.499387 5.728719
5.458058 4.049849
13.089694 -12.659542
-9.570469 11.824464
1.654403 12.720398
4.230891 9.955886
2.302303 -3.256961
-8.949410 10.938507
-7.527081 6.840193
8.575456 13.012792
-13.161659 13.810311
-2.152454 7.089926
-7.844570 -1.869966
3.102214 -6.486671
11.901806 -12.359797
-6.671350 -14.317849
-3.113602 -12.440323
2.662597 9.652589
-11.811862 10.512821
6.676624 -3.150818
-2.368819 14.032951
6.736600 11.334648
10.426407 -5.970798
13.947672 -13.331762
-3.989018 -6.177052
-14.661730 -5.832869
4.053499 12.773459
-6.577188 -7.085234
-2.722616 8.145438
10.327107 -2.374036
-13.422560 14.833607
-2.702362 6.107998
14.590522 4.112398
-10.092232 1.365508
-12.808016 -4.779199
7.101272 5.260724
-3.673240 13.603803
10.248455 12.620273
7.485806 8.757311
7.585931 9.842348
-1.790905 -1.248775
-4.050619 -9.242007
-3.420702 12.220016
-11.204168 8.129766
