11.030493 -0.181822
-7.220921 14.252076
-14.666118 -0.592472
10.255570 0.595625
0.167129 14.149478
-10.692289 -7.487579
8.627616 2.942438
-4.084382 4.352746
-12.530702 6.923124
-7.606115 -7.773652
-9.523012 -2.477879
5.161173 -7.178751
-3.427128 7.592286
-2.314160 -6.373629
0.181107 9.355494
-5.391904 -2.517744
-13.698332 3.250187
-11.718646 8.680255
10.384240 -5.199146
-1.915298 10.639974
-2.746426 8.738743
-2.604588 3.941729
4.328495 -11.427772
-7.182785 -14.618288
-1.513161 -3.153553
-8.154345 1.175534
-2.375360 13.131046
10.426875 -11.351571
11.162101 -7.228150
-8.094029 -2.859898
-2.422987 -11.476536
-1.497323 -1.467128
5.600290 4.611279
-1.146379 7.350128
11.851699 8.550046
-5.306846 -3.807022
10.280650 -3.354215
11.328709 1.180100
9.885948 11.466094
-4.120416 -8.642130
-9.693783 8.806769
-5.165443 5.027632
5.213798 -10.943536
13.275280 4.575775
-4.106822 12.047053
-5.162286 -14.640712
-5.422883 -13.535717
4.033793 1.681833
5.450842 12.755459
-9.201341 0.252249
-5.269060 -1.184170
-8.193148 13.693588
5.340150 14.274712
1.250374 -0.173940
13.129984 14.778977
1.810603 9.377340
-9.117716 -4.839973
11.892462 -13.298736
0.089158 -6.385543
-3.175873 -12.315009
12.236566 -6.305121
2.843624 2.051267
2.278185 2.977991
14.169182 10.799583
-2.711524 11.956249
-0.381312 13.258098
-11.709232 14.238442
-11.433663 3.401416
6.963800 0.303947
10.833376 13.394848
-7.954388 10.165566
0.979028 10.049876
-2.878125 0.147457
-6.979408 7.012811
-13.751939 -14.604929
-7.673729 7.894257
-9.673986 7.446185
-5.079183 6.067607
-13.846999 13.448720
12.223064 -9.450680
14.888214 -12.056386
10.468025 -1.665685
-5.617339 7.841843
-2.606365 -8.497278
-13.614559 -1.724568
2.283704 -5.464565
-10.431292 -11.371066
-12.076924 1.159505
-10.596312 13.556234
-1.308174 -6.454649
-11.516394 7.658637
-9.690785 -6.754651
-5.037435 4.035558
-6.117398 -8.920275
4.409839 9.697266
-1.013092 2.959558
-10.171287 9.767371
14.330135 -4.688104
6.039342 7.057783
-3.703613 1.979480
1.592832 -8.237725
14.987559 12.546060
0.640066 0.685386
6.408921 -13.813107
11.608978 -5.512038
9.621574 7.505573
8.689330 4.060517
-14.045372 -7.324456
-6.895113 9.800105
-4.654090 -4.679569
-0.391204 2.175798
-11.375538 -12.152036
12.749293 -5.276428
-12.156697 -1.032875
5.043761 8.000288
-12.005740 -6.856216
-12.875523 -5.591542
3.589485 -10.560842
5.856959 -8.088760
0.644074 13.230960
10.451419 1.681677
-3.063798 4.874816
14.681115 -8.804815
14.702995 9.601810
-0.033578 -0.280673
-13.315736 4.280097
1.901489 7.751802
11.098717 -4.470620
12.865989 12.539517
2.782565 8.451680
-4.567852 -9.990179
-8.438914 -7.214578
-5.106760 -9.069548
8.876559 -14.557789
-6.746402 3.490250
-9.363306 2.370031
-9.644668 12.991205
-1.686798 0.384199
-12.768253 0.131310
14.509962 13.489621
3.720295 -9.513829
-2.024864 2.819040
-9.562351 -12.346299
-7.463708 0.447810
13.422759 2.099761
-8.458468 -8.560978
-6.912092 13.227603
-8.167936 2.327007
2.622346 -3.357873
-12.711253 9.363943
-4.530558 0.259763
-0.915493 -11.547967
0.724254 -14.389148
-1.289330 1.679023
6.352666 10.692315
7.437167 -13.518714
3.926716 3.977131
14.179152 2.831302
2.836414 13.609235
-3.507130 -9.583688
-6.888518 12.073533
-0.951718 -9.912290
-5.948120 12.850855
-8.191704 -11.791615
8.504485 13.315279
-0.989582 -13.788524
-0.855197 8.779513
-11.395153 -13.516064
2.379426 -10.775260
-1.745354 -5.462441
-4.361140 14.430666
4.558952 -2.426055
-14.890825 5.647043
-5.510036 -0.198210
-12.939172 2.151833
-4.096946 -11.829468
-7.862092 12.737670
4.198143 -3.384470
2.245802 10.424545
-2.939950 -5.159724
-7.118946 -11.396244
13.250455 -0.058418
9.524391 -6.200974
-1.929673 5.261100
2.734850 -4.520864
-8.093178 5.188203
9.407347 -3.949462
-2.880926 9.786976
7.535155 -2.590056
4.964395 3.825522
-8.868828 -3.688036
10.942005 -9.046207
14.981317 -3.206791
-7.994919 9.018696
6.254281 -10.807427
-14.963491 11.504229
-6.156514 -3.211483
11.299853 7.631477
3.403372 -5.547365
-0.128672 4.287796
-10.630008 7.129696
8.555099 6.952092
7.521746 8.962326
8.391886 1.449734
12.420630 -11.111110
-9.849961 1.470534
13.324889 8.947193
1.136872 -11.259229
13.573357 -14.190993
-9.370392 -13.530509
11.898627 -8.411377
4.931641 -4.927208
-14.198960 -13.515853
3.108584 -0.467246
3.842972 8.854509
7.714411 2.466481
-0.875992 14.245091
0.562703 -2.983167
-0.362075 -8.733377
-9.285897 -1.195763
8.538519 9.016670
-13.940280 1.853187
1.536987 -2.309178
4.946840 -8.820096
4.097681 -6.879332
9.074395 12.457043
8.614431 5.112840
6.756299 3.921910
13.701868 -12.089008
-5.507560 1.328390
-5.887887 11.713600
-2.294272 -7.378548
4.672792 6.996949
-4.936915 12.721936
11.630862 -1.679904
12.198972 3.569629
13.801439 5.607461
14.365784 -0.986308
-3.101857 -13.417096
-11.903676 -10.883472
5.401382 -3.218153
13.567090 6.989220
-4.455602 3.144259
-4.146178 -12.913970
-14.669589 -1.737932
6.352679 -2.429939
3.873561 13.996904
-8.345714 11.581839
6.363172 11.696892
3.193287 -11.689005
-12.103818 -8.977973
-3.653086 6.467467
-6.214917 2.208596
14.419740 -13.171488
4.387974 -7.904772
10.369870 6.841783
-7.189718 -1.212594
-14.128728 -2.712957
0.904051 5.002662
7.433573 11.167756
14.455977 -2.280117
3.632155 11.740959
1.477996 11.208564
-10.410261 -13.899871
-13.366966 -12.796585
-3.141919 3.044796
2.309965 -9.658874
-11.331311 -9.935793
-9.264627 14.317447
4.648142 11.869700
6.664762 2.370871
8.861489 -7.016854
-7.860735 6.531569
5.735623 -4.218590
-8.451202 -6.181204
-10.773632 -6.415561
-6.653539 8.772478
1.654713 6.781338
-3.946707 -5.463132
12.958910 10.556807
14.555045 4.724442
3.556046 -2.600966
-9.285917 3.428013
4.430391 10.786519
-9.923175 -3.429386
13.287866 -6.893361
14.313139 7.992021
-8.421865 4.200274
-14.583343 -9.607151
-14.440840 14.457129
-6.457370 -12.673164
-11.524138 -3.700666
-4.882310 11.342492
0.856293 1.879593
12.214595 -7.354344
-0.468625 -1.615676
10.989561 -2.615225
0.054495 -7.716382
-0.855309 11.230597
-10.775257 -5.319509
-14.671761 10.441247
-0.111308 6.755754
8.323895 -1.935407
-5.096073 8.822053
0.718129 -4.118663
-14.138335 4.875580
8.772518 -2.863795
2.749782 -12.849371
-3.777868 8.734810
5.410353 9.599904
14.900511 -7.541828
-10.444656 2.609210
7.403184 7.225291
-11.738973 -14.741580
12.988268 -10.228144
-13.418301 -0.739644
1.233484 -10.124233
11.461268 -14.350867
-10.157276 11.064885
-2.289585 -9.523333
-12.264176 5.920229
8.005744 6.055200
-5.749033 3.096032
-12.478472 7.986214
4.401824 -13.996487
5.947275 -5.260580
-9.553565 -9.181023
-7.762779 3.447222
0.040220 10.586380
5.566166 1.939997
-2.000892 6.520451
-11.770165 -4.681234
2.770679 5.277707
1.995322 -14.656285
9.390911 -12.580324
12.064022 14.722001
-14.520765 3.838026
-3.539994 -0.777521
-11.443602 -0.014537
5.527518 -13.238288
-7.390613 4.453163
3.015085 1.030717
-0.272719 7.902269
0.293107 -5.169414
10.210128 12.556287
1.262001 2.808247
7.592212 -12.513393
1.124078 14.610600
7.143794 -8.069586
7.468961 -9.234549
4.377250 -5.808175
-5.291506 -8.061125
4.904691 -0.914651
9.694167 5.891927
-7.242359 -13.544930
12.352310 -0.928307
-13.412876 7.437161
6.549508 -12.756344
3.760359 12.894199
4.517365 2.654077
9.744138 -13.551719
13.945414 3.823213
-9.768008 -5.613272
-4.137583 5.528235
6.911131 -3.475441
-8.942308 5.948331
-0.721237 12.263021
10.641926 4.292052
-13.552785 10.383182
14.955559 -5.510008
-14.387553 -11.153597
-0.972703 10.176377
4.272064 -14.995940
1.191594 -12.296199
5.480438 -14.461635
-14.332404 -8.417562
6.381417 13.862230
-12.116232 12.113547
13.299572 -9.235634
2.882694 14.723119
14.089881 -10.842300
9.772632 3.694206
-11.118642 -8.777046
9.326640 -8.132012
6.498483 -8.901169
-0.425406 -12.752029
4.764734 -9.930545
-13.685662 8.437162
0.083840 -9.789932
-12.283740 4.808697
13.437559 13.549461
-0.035331 5.559448
-5.164525 -12.349268
11.738532 -10.326222
2.666895 -1.843065
-14.189468 9.504130
-3.712458 -4.289596
-10.319452 4.059881
-13.872309 11.960510
7.700144 3.470433
3.283582 -7.578735
0.605967 -1.175261
10.549821 -8.116894
-6.345564 -6.468036
5.636460 2.978989
7.956311 12.022480
-11.216848 9.759751
-5.047668 2.256212
-5.417372 -5.680274
5.828672 -9.792617
7.119054 -4.545553
-12.951844 12.685823
6.425493 -14.860227
-3.035594 -1.711977
2.154199 -7.295235
10.448250 8.200750
10.739732 -6.244125
-8.991914 9.938281
9.467306 1.466718
6.973657 -1.573816
-3.333480 12.760417
-10.181851 -0.500027
12.755035 -3.505859
12.276205 -12.350743
13.895418 -3.473226
-11.190192 6.208469
0.290002 -11.805031
6.280233 -0.755417
2.618319 6.303221
-6.527268 1.033937
-6.999253 -2.510091
2.873100 -8.582442
6.833728 8.114337
-1.168475 -0.520440
12.300017 2.519037
-0.441059 -2.912071
8.185490 7.961370
12.908757 -8.154805
-9.066787 -14.606906
-11.333265 4.455918
-3.796250 -10.869100
13.123215 3.100024
-14.899602 -14.524076
-2.497123 1.620481
0.064736 3.216708
-0.231324 -14.914006
1.559091 12.516156
-2.586280 -3.754610
14.489155 0.077462
-12.903767 11.401103
-2.284616 7.614775
-13.194998 5.508833
10.664697 10.672854
-6.179344 -1.773823
-7.186226 1.937041
4.754427 -12.494138
12.067716 0.101759
8.882870 11.449132
7.053119 13.090583
12.571046 7.679020
8.206431 -5.963592
-9.385568 -11.360288
8.507563 -13.347068
0.485298 -13.244955
2.416901 11.568001
5.380469 5.712567
5.426906 -1.777914
-12.070768 -2.332331
10.761998 -13.609782
1.038053 -7.342260
-1.711610 11.993149
-4.416598 -2.792855
-11.770537 -5.874439
14.756300 1.526713
11.074805 11.748916
-8.222675 -9.576001
-11.201150 10.799648
6.697975 -7.120218
-14.737992 -4.200758
-1.943908 14.337163
-3.347399 -6.525030
7.534620 9.968815
-1.382320 13.352191
3.494976 2.882940
-13.077208 -7.015490
3.025213 7.276812
3.917373 -1.305622
9.380954 -1.471629
3.282765 9.760791
-8.100804 -14.060492
1.100667 8.652705
-7.009190 -3.761056
9.817914 4.862375
-7.329644 -10.318906
-1.749960 -10.554262
-12.461862 -9.912451
-10.440778 -4.370879
8.728502 -0.679197
-0.204668 -10.749040
4.739902 13.472349
-6.655140 -0.324695
12.072009 5.633461
-13.162671 -8.035396
10.601975 -10.359223
-6.138321 14.615319
-5.394158 -6.916791
8.284467 -8.021058
13.328435 -4.443497
3.743998 -12.665292
6.350445 8.999005
12.093336 11.531946
1.862118 1.744194
14.317509 -6.695292
1.100298 -6.202176
-5.370276 13.836404
12.333814 1.471462
-12.599720 3.379071
-1.563748 -4.278113
-8.091341 -0.490450
-6.477998 -7.570826
0.838997 3.913637
-8.806299 8.302235
-13.904295 -5.297664
-10.300968 0.572704
-8.436519 -12.982926
7.784362 -6.904328
-14.094507 0.476098
7.366534 14.403452
-1.585376 4.080894
-5.864778 -4.723191
-10.321532 14.541434
4.992320 1.035148
9.892281 -9.146305
-7.505221 -12.532918
-1.136075 -7.493861
-5.080892 -10.956440
12.131698 -2.577790
14.653159 6.572036
5.454793 11.167107
-7.072539 11.075451
10.019340 -0.580495
9.914859 -7.284791
-6.048829 5.554227
8.050527 0.147474
10.573337 -12.409972
12.494854 -14.268098
-4.187797 -13.981127
0.834514 6.055351
13.724209 9.892495
11.013453 5.496062
7.775508 4.496984
13.904583 -8.019092
6.551686 5.050346
-8.358724 -10.760192
-0.547481 -4.279871
-13.492712 -9.056099
11.277100 2.393240
-2.818835 5.901229
13.768750 0.802361
-8.093179 14.862430
8.059296 -4.920845
-12.394726 -13.246998
11.186590 9.491204
13.174255 -12.956230
-11.734322 13.089433
-14.558573 2.691688
-6.319766 4.588489
-3.321874 -7.758690
3.821483 -4.607288
13.328556 -1.339087
-10.328528 -9.933416
-14.181899 6.562100
13.289925 -2.401864
8.340711 -3.957838
9.976569 14.642965
-1.365044 -14.772120
-7.665157 -5.375454
-5.989638 -11.684993
3.322566 10.763372
10.917658 3.326746
-0.970977 4.893316
5.927182 -6.397531
-2.163780 -2.334006
11.535588 -3.526018
-9.351637 -7.750976
6.039708 -11.856467
-4.078258 -1.844348
14.162512 14.470820
13.881465 12.588771
-7.091845 -9.245547
11.902020 6.709671
-12.723855 -14.404141
1.731431 5.601627
7.117643 -11.349959
1.731757 -4.582466
9.291223 -10.378648
-11.104190 1.405990
-6.376997 -10.674755
-0.465496 0.640955
9.349463 0.165020
6.047692 0.767494
10.155032 9.432243
12.408551 9.605651
-12.948243 -4.275206
-4.609647 7.700718
-14.668718 7.659632
2.837306 -6.441802
9.289261 -11.469595
-10.983179 -2.821201
0.903743 7.575668
-7.416433 -6.446982
-10.650032 8.455812
-5.600541 -10.036923
-2.915341 10.903517
-3.287403 14.301064
-14.238030 -6.290236
-7.225542 5.750329
8.498864 10.375609
-0.627166 -5.620121
-3.391324 -14.598549
13.731792 -5.675828
-12.092050 10.324699
7.204310 1.520351
12.207883 13.533029
-3.294316 -2.723361
7.070350 -5.612628
11.691627 10.467909
8.782245 14.366954
1.793006 -1.115068
2.593183 12.597598
-5.918070 10.337606
-10.664197 5.274624
12.947554 6.130683
-4.414522 -6.397389
-13.303829 14.494529
-6.004662 6.586811
9.464408 13.598320
4.289663 -0.038008
-11.124077 11.955669
-3.547714 0.958388
9.373335 -4.959761
-2.787218 -10.488055
-9.444891 11.954513
-6.207462 -14.295616
8.116390 -11.547357
-11.739266 -7.885848
-2.038806 -13.492433
-4.487267 1.313045
13.188608 11.568868
14.321818 -9.797523
2.149075 0.409372
9.423453 8.489724
-2.379043 -14.572036
-12.542641 -12.088026
11.655085 4.607491
12.122094 -4.465085
-4.313545 -7.510256
11.381038 -11.690912
-13.841671 -3.680255
0.332355 12.275412
-10.471896 -12.888639
5.395703 -0.030974
-9.993885 6.356554
-13.098024 1.079997
8.705856 -9.103171
-9.309122 -10.207016
1.979767 4.240743
-14.783346 8.656106
9.922012 2.583219
-3.934569 10.646561
8.086320 -10.258700
0.960779 -9.087486
7.731931 -0.820687
-4.144226 13.407196
-11.916880 2.154439
-9.133649 10.951020
-11.029797 -1.187059
-1.741171 -12.320541
-13.537315 -10.203039
3.878312 6.190498
-13.035116 -11.137778
-8.021613 -1.786873
-1.354884 -8.878270
-8.064379 -4.444355
4.239934 4.982330
-2.323754 -0.798705
1.493391 -13.563212
-4.391539 9.720188
9.516203 10.315884
-1.831711 9.506073
7.515319 -14.517956
1.736517 13.740801
-1.011508 6.040330
1.568633 -3.540116
-12.607500 13.719166
2.916551 3.762550
11.747265 12.619024
-6.876096 -4.754717
-12.749326 -3.123514
-9.426746 5.040546
3.329519 -13.760843
