7.320075 7.209056
12.626649 13.892950
9.354276 14.212672
-8.438358 -10.845467
8.864529 7.013040
-14.785661 -6.055592
8.542863 -3.376870
-2.392681 -11.159855
5.232035 -10.745985
4.191542 7.652518
-13.520778 -12.259217
-8.384397 13.287593
4.853214 14.031847
-9.275829 14.242703
3.813631 3.314007
6.483523 -7.035081
8.057977 -0.158201
4.360850 5.604882
-2.754896 -3.357023
-14.540014 -12.681905
-12.464307 13.852109
12.313575 12.787960
2.119785 7.651917
10.998864 7.843498
-11.123860 -7.072268
6.112634 6.706042
-0.524140 1.805487
-13.019534 -1.503128
-4.249551 -2.103315
-12.880142 8.648950
2.006250 11.525996
11.479181 -1.696432
12.764326 -7.335208
12.536194 -12.881814
8.243862 -13.848844
12.930589 -8.695760
4.803406 12.136732
1.815876 -10.894720
-10.963397 -10.939433
11.509916 13.494296
-7.684349 8.293286
6.390125 7.697204
-4.258953 -10.033968
-3.889442 14.699154
-10.455932 13.881344
-9.237984 3.736063
14.605040 3.801350
14.166441 8.709148
2.197653 6.042843
-14.779825 11.793888
-1.632989 -3.735488
-1.669048 4.831087
-14.721753 2.995986
11.566364 3.235239
-2.684251 14.933529
10.727488 -3.954755
12.264140 -14.140628
-6.230321 -8.071928
0.946542 14.110774
14.307791 -0.709661
14.260467 2.747058
12.075965 9.712242
-12.865991 12.336444
-7.133968 2.181959
-2.994484 8.159173
4.418366 -2.374082
3.201917 12.577568
7.553807 -6.771412
-2.488431 -1.067079
5.395401 -4.084133
-11.208741 -12.986744
0.731347 -14.331203
-1.743364 -10.380780
0.459444 -2.726379
-8.865082 9.246504
8.682898 13.413383
-8.586277 -1.701832
2.106694 -12.969649
-11.881063 -6.365361
4.176964 -10.653162
-3.854962 -8.282265
-6.442669 -5.687448
3.222685 2.449607
12.140009 7.350795
-4.721277 11.485502
10.985007 9.805076
5.265002 -13.010375
6.875554 10.786595
-13.088846 6.685235
-3.326577 9.898628
12.061369 0.316776
-1.141398 13.302431
13.969371 4.727187
3.108747 1.381360
-9.179917 -6.332737
5.275705 13.075605
3.619529 -6.227232
9.581199 -3.849845
-9.444199 0.124884
12.061092 -0.699346
0.654956 3.945472
12.099651 1.959084
-4.466685 2.053848
-12.280092 -3.035415
5.984192 2.559299
-12.956570 -3.926881
4.297972 6.630966
-8.683480 -5.190022
14.212810 9.878027
-1.305537 0.988135
-0.283340 11.302375
2.958534 -4.160642
5.358735 -0.469000
8.233844 4.216822
-0.076961 8.524838
-3.573710 -1.118944
14.424229 13.768328
2.010986 12.588182
-3.899962 -3.807708
-14.182084 -14.260926
-1.323902 -6.913636
5.867495 9.048438
14.988985 -3.343880
-14.212158 12.725680
6.082046 12.332762
-3.153643 -14.035821
4.219416 -12.812011
8.980186 4.945457
-0.891008 -13.866095
-1.361298 9.571768
-1.511466 -14.695967
-10.141087 2.388402
13.568574 11.885766
11.464413 -10.563380
-13.163003 -6.533408
1.596450 10.389468
-6.917681 -6.623727
9.919194 9.633800
14.375553 11.239594
3.330085 5.750459
2.968498 6.829308
4.712305 -14.853653
1.286525 -9.058285
-1.388355 -11.483166
-5.973841 4.991980
-8.854490 5.988587
0.199951 2.676414
12.939752 -3.373118
8.867847 -11.879311
5.032084 -1.551083
-5.681532 -7.068098
8.816368 -4.574248
7.133427 -13.047252
1.354611 6.958943
0.996350 -13.353727
-12.715313 1.035808
-14.136775 -9.722801
-2.248241 5.969495
6.568089 -4.726079
-4.641471 -0.590896
3.118521 -5.316111
-9.589672 10.948757
6.267075 -11.060457
2.192908 13.904771
-8.835733 -0.683482
-10.872463 -9.910163
8.594045 -5.828400
-11.563186 -1.579672
9.918693 -11.520564
14.424115 -12.946993
9.700393 -1.697456
-13.599729 3.245716
8.161427 14.420084
-12.216671 -13.574743
2.650638 10.701571
-10.115570 4.483963
1.807559 -14.016233
-8.678058 11.702893
-5.228886 -8.109204
0.470589 0.961163
0.001000 -13.249708
-7.574767 -9.820806
0.570230 10.209672
-7.833211 -8.623755
-14.653010 0.541277
-5.820349 -3.553134
-2.318170 11.821710
13.007464 -14.833038
-11.217837 -3.566624
-0.364678 5.160112
7.523678 -1.217879
-13.641147 -5.434565
2.828515 -6.864845
-11.826843 1.639813
14.650728 -9.243032
-7.629534 -0.886912
7.547101 -14.599466
2.618633 0.473663
7.832357 -10.765683
7.385070 1.761717
-11.941008 -4.419543
5.496462 -6.744436
-14.525321 -8.492913
-3.355387 -11.823966
-8.955745 -13.546712
6.969547 9.389519
6.734189 -0.268062
12.140064 6.298814
-0.540323 0.328515
0.749077 -12.355077
7.122662 -10.027428
-6.612786 -1.486919
13.333724 6.693490
10.545117 3.836906
14.050049 -10.742664
8.065547 2.542912
8.856689 -0.809886
-3.187916 13.944810
8.345535 -2.222395
8.902290 9.720156
0.727684 11.615278
-7.792711 -13.119385
14.831726 -14.019253
6.086884 5.032836
6.971955 4.438184
-10.157825 -12.935929
1.849491 -3.695329
6.071820 -7.950391
7.430673 -3.046425
-3.695935 8.963317
8.013344 11.177954
-0.588171 -2.229345
-5.402164 -13.689337
-3.008244 -7.597903
-3.582415 -6.264388
7.637396 5.280751
-5.672891 -9.489505
-7.682284 12.196304
-4.952100 7.745640
-14.672313 -11.681225
-14.911832 -2.285555
0.456680 -1.697839
-11.467318 14.312313
13.226806 8.332638
5.427359 4.223769
-13.939779 11.240106
-7.893818 -6.164583
5.969077 11.216969
3.801309 -1.582395
11.371399 -13.226777
12.290824 11.505844
14.229596 1.740876
12.650273 3.176749
11.171987 -9.555626
5.162116 7.337379
-3.023804 -8.894859
-8.224839 3.843962
10.813392 2.559194
-13.078921 4.449365
2.062027 1.631255
-10.511313 6.720227
-5.813035 -11.651985
1.296526 3.144013
9.262952 -14.786821
6.726284 5.814783
11.931141 -11.825608
4.615979 -3.367624
-9.363056 -11.385880
-9.236242 -2.598871
-13.960248 -1.895976
9.551571 3.684581
-0.902894 -9.814028
-3.149466 -2.122519
1.669124 4.162816
-0.009054 14.798596
5.516104 -2.845897
11.185028 1.495151
13.516377 -12.526674
13.261717 -11.515602
8.910411 -10.690768
1.594891 -0.423177
-7.034646 4.535903
4.598743 -13.794779
-14.284601 13.869458
6.656972 -14.102461
-1.944703 0.173004
-4.426477 13.749766
10.083972 6.203550
10.269351 -7.217850
9.755026 -12.518801
9.041130 5.970402
-1.404636 10.985247
9.238944 2.624424
2.600687 9.690921
-14.930962 14.782374
-12.455771 -7.422397
-0.730174 7.757948
9.197608 8.625716
-3.027321 3.998091
-8.747803 10.399900
-1.255055 5.754440
13.399618 10.700380
3.512556 -2.970896
13.252290 -0.475673
-1.179453 12.023618
1.449796 -2.519962
2.463809 -2.098581
-10.141611 -14.146084
-1.175518 -12.720328
5.172004 -9.262282
-4.901496 -6.163823
-10.562386 0.306047
-9.443808 12.792764
5.463529 5.881166
13.084433 9.416135
9.278694 10.664227
-11.897976 -10.509713
7.997001 6.325263
4.038513 -11.714809
-14.780649 -10.553867
-6.162451 -4.521041
-3.084176 -4.404740
-3.562177 6.114217
8.129823 8.909501
6.100456 14.870999
0.542368 -3.853542
4.253580 -5.144109
-12.002998 4.664114
12.499249 -1.758343
-13.356102 13.335372
-8.100322 2.811733
-5.362492 1.339660
-9.706330 -7.413729
2.390035 5.036736
3.354669 4.597244
-6.901377 -2.923552
-2.232647 -6.247104
-0.133770 -10.618803
1.927953 -8.248824
-7.948877 5.191067
-0.495930 4.105349
-2.378174 9.260489
-10.710955 9.540932
-11.189008 -0.650026
0.900406 -6.263669
-10.597101 1.467675
5.003189 -7.646730
3.803662 0.297217
3.055384 8.062844
-0.653057 -3.488301
-6.406288 -10.641693
-11.620962 8.852710
-13.722607 7.734670
8.358281 12.403047
14.846732 6.843882
13.984132 7.491574
6.238730 3.555267
7.259363 3.450534
-2.957681 -12.976580
11.385029 12.016400
-5.143490 -12.452952
9.197568 0.216018
-2.676255 5.007666
9.671902 12.779941
-9.709532 9.887724
-10.561301 14.931681
8.122706 -12.798697
-7.980181 0.060921
2.977172 14.870481
7.256459 8.395430
-7.165662 -7.715661
-11.352508 -2.565716
9.839447 -4.949090
-6.116592 6.434295
-12.966969 -8.775319
-5.970786 7.482046
6.337553 -12.412069
9.127962 -6.895034
1.119702 -10.173371
1.639657 0.701101
-0.175458 13.731509
-5.847136 -0.619761
4.619590 2.574879
-9.938811 8.864279
-5.022511 -4.169004
3.826844 11.741482
-1.247886 -5.683885
-0.070271 -5.295931
5.024190 9.701605
13.676523 -5.429486
-5.232415 5.889060
11.420852 -6.309794
-11.054408 7.926368
13.609704 -6.570172
12.387728 -5.551273
2.999230 -11.339676
13.984792 -7.810318
6.069018 -9.987650
11.138183 6.773787
-8.789182 -8.212241
-5.103639 14.927302
11.779047 -3.878107
-14.007114 -0.514966
-4.472495 6.660226
-2.367136 12.982003
1.665898 -7.144117
-9.557380 -10.072294
-7.406293 13.682397
-14.719333 1.757966
-12.260462 6.009170
7.652276 13.210839
-12.481731 -5.439438
5.566995 -14.117952
0.782303 12.707077
-2.135996 -12.272600
13.515985 -1.742300
-5.585258 13.328676
-1.794024 8.368517
-8.212463 -11.828753
1.923062 8.651169
-7.991650 -4.446497
14.096750 -14.957857
7.262357 -7.777853
14.548308 12.655155
10.450444 13.611280
2.883934 -7.896339
10.650423 -5.648501
-12.040647 -11.568516
10.054584 -0.553428
0.139113 -9.588435
10.348703 8.718535
6.388399 -8.953541
3.948889 14.497690
10.563713 10.865497
2.110615 -9.938961
11.018918 5.706120
-6.762773 -14.108506
-1.443770 -1.599143
-9.910722 7.761597
4.658640 -6.104878
-9.600507 1.294379
2.960702 -9.164134
-13.056737 -14.335926
-9.068938 -14.625994
12.248382 -9.511208
-1.801072 -9.057609
1.242383 -5.311270
9.935035 1.895127
10.141252 7.301214
-0.910465 -4.740315
9.528532 -7.999987
-2.175336 10.260623
5.054269 8.452265
-14.238422 -7.007419
14.639702 -4.323141
-4.144097 -14.293303
-7.863168 -2.411369
-2.410523 1.213714
8.887514 -8.774387
-4.886347 -2.947506
-11.338392 -14.336296
-12.440969 2.488198
-5.431271 -5.269055
3.320465 13.709585
8.298943 -7.578173
-4.760713 -9.077204
14.307485 -11.788047
-3.946974 7.685502
-3.097611 10.948450
-12.690667 11.168600
4.010181 10.673362
0.815572 -11.349093
-13.254764 10.174214
0.993774 2.061155
0.561524 6.232246
-10.594981 -8.410551
-4.818839 3.044570
-6.731052 10.796917
-5.703096 11.127318
-2.728647 -10.009403
-6.390609 13.979336
4.214901 13.010095
-2.961994 -5.446366
10.493155 -8.557148
0.967191 8.111388
-4.440535 12.508698
3.933009 -7.295995
3.918693 8.720224
-8.198361 -3.422530
-12.284428 14.949866
-6.326471 -13.111039
-2.048589 -2.462525
3.328020 -13.960520
10.357938 -10.523711
8.287074 7.891408
14.069641 5.900905
4.344964 -0.555752
10.359448 -13.420696
2.537441 3.621206
-10.475811 12.719721
6.458927 -5.864163
8.849187 1.618770
-5.199740 -10.794905
-6.605649 8.513097
-5.619006 8.787264
-11.226736 5.892230
-14.358974 4.155107
-14.402676 -4.676304
-0.228872 12.531427
-0.120011 -0.867263
10.309331 4.997391
-11.573184 11.096260
-11.785315 0.341394
-8.083469 7.270543
0.610967 -0.174139
4.959944 11.073957
3.616642 9.740803
11.414288 -7.444949
13.689378 -13.787833
0.751426 -7.651559
-5.508691 3.981656
11.012424 -12.277786
-10.356348 3.446511
-5.879777 0.431205
-1.665458 2.308588
-5.926673 -2.386457
-6.706667 -12.127207
13.951021 -3.520242
12.914206 -10.312444
-9.648818 -8.762949
10.090065 0.784406
-0.617018 10.293597
-7.865083 -14.380585
-13.607392 1.647206
-4.349407 0.923182
-5.828090 9.918463
13.697618 -9.584544
-6.927265 0.295826
4.867507 0.616551
-5.151301 -1.489188
-9.318117 -4.286288
-13.159762 -2.544326
11.046867 -14.322946
7.489564 -5.705889
-7.583082 1.273492
7.473546 -8.783415
-10.672268 10.556321
9.475913 -2.785283
5.924794 0.580960
-14.852603 8.933703
-6.671264 12.957900
-0.942163 14.396471
3.162853 -12.867372
-14.841189 10.354758
6.660861 -2.076047
10.284245 11.985255
0.997734 9.157844
6.075918 -1.234069
-8.587887 1.401139
-1.642061 3.720789
-7.316692 -5.197726
-11.899747 -9.047771
13.249324 2.193550
-7.049267 7.339466
-13.291819 5.573649
-7.109407 -3.904187
-8.545799 -9.340965
-2.875428 2.544464
-12.243119 3.504393
-14.938501 5.382197
-0.568789 -7.619434
-7.287407 -11.298144
12.516227 4.211081
2.045565 -11.897733
-10.324844 -4.235690
-0.172493 -11.780812
-3.954936 5.079964
2.117426 -6.116821
-14.730231 7.842176
-4.233393 -5.017462
5.977285 10.065229
11.623313 -8.496962
-10.278364 -3.023675
4.241219 1.577560
9.699213 -6.070076
6.327442 13.704311
12.776638 5.491964
-3.387584 1.603271
-4.279723 -7.023597
7.268664 12.105485
7.045943 14.511781
4.352713 4.425088
11.283896 -4.806904
11.023308 0.388139
-4.079629 -12.624013
9.232462 -13.449796
13.544348 3.631918
11.932736 14.864462
3.082689 -0.615335
3.210822 -10.312880
-1.161629 -0.511941
10.728520 -2.948417
9.769376 -9.251953
-11.883310 9.932853
-10.310696 -6.337876
-6.627918 -9.188655
-12.627243 7.672341
1.215590 5.369468
7.816208 -4.542083
-7.575363 6.397294
-7.186921 3.311425
-13.445902 -7.636494
2.203722 2.667628
-5.819258 2.822908
7.497069 -11.808947
-14.765038 -1.278158
-3.477251 -10.825913
-11.201223 2.806837
14.599370 -6.946467
5.144292 -11.837584
8.252704 -9.677344
-1.553747 7.178330
-13.883761 9.194078
11.371400 4.680835
-3.440917 11.912995
-8.107935 14.491058
-2.048767 -8.023274
-7.082922 14.703362
-11.685557 12.656185
-5.532646 12.183319
0.234931 -8.549699
-1.947927 -13.669061
9.242794 11.755481
-11.367123 -5.275154
-1.989191 13.992118
7.962298 10.148055
-13.616759 -10.971556
1.842537 14.943995
-0.909241 -8.580862
-10.308631 -11.914952
-7.426641 9.998355
-11.268572 3.875264
-14.056669 6.303115
11.702279 10.678527
-10.179047 -1.943483
4.111263 -9.487717
-13.601804 0.418000
-0.184428 -6.300064
-3.375052 0.485267
-9.108839 2.617076
-2.691957 6.893228
6.940431 0.801539
-9.074164 -12.420162
12.081639 -2.695972
-4.095920 4.002875
-4.508947 -11.532873
-4.723774 9.448623
-9.778712 5.479526
-2.123134 -4.850290
6.357167 -3.532643
-6.691334 11.817625
-13.919074 -3.590913
-13.569147 -13.458988
-9.835073 -5.432059
-13.517412 14.713375
-8.262351 -7.113240
0.240245 7.198791
3.986447 -4.164272
-12.502027 -12.554465
-12.713598 -0.084017
-9.240748 6.993401
-4.852791 10.458207
4.202526 -8.415435
-12.886171 -10.056476
-3.803168 3.034336
13.329749 12.888508
5.579921 1.543846
-0.498419 6.447068
12.866094 -4.631478
2.091657 -4.729284
-11.653634 6.827346
10.522884 14.639755
-8.925355 4.779976
-8.793579 8.047448
5.482563 -5.465616
-9.878513 -0.891535
12.091882 8.508802
-6.749201 5.632844
-6.438842 1.275477
-0.894124 3.023212
1.519024 -1.463333
13.794018 0.591536
12.786302 1.070900
-10.430583 11.574132
-7.686440 11.190766
