-12.641426 0.012489
-4.602188 -10.565841
-1.249103 2.901769
11.431964 8.167636
-3.216438 -8.880041
-11.296807 -13.042134
11.379879 -10.084063
10.049380 -3.085062
-10.720032 -11.041120
10.086463 14.683960
12.272506 2.463598
-6.660113 12.388115
0.779496 4.794280
1.478504 6.737311
-12.909043 11.231428
-1.525691 -7.582039
10.469980 10.499488
-0.619100 0.984010
10.761956 -2.305613
6.630458 -11.922710
4.260611 -13.585748
-9.876280 -5.432023
1.793460 -9.533150
7.503171 12.450415
-6.453184 -2.986185
5.505243 -3.377980
-1.923683 -12.818581
-3.210762 12.577986
-7.338140 -2.239252
-1.050370 13.268077
-10.086496 -8.232079
-13.515262 9.149977
-12.650227 5.034584
6.960083 3.783010
-3.606354 11.172120
12.829714 -4.179443
-10.798825 12.004153
13.698441 -4.719360
-9.365695 -0.594457
-13.942963 0.310120
-2.830485 6.918210
12.877687 12.441122
2.056870 -4.256467
13.659312 -13.699714
14.997339 -5.832102
13.973465 -7.211661
14.905499 -10.358655
-2.236311 -13.946218
7.104291 13.693391
-2.062860 -8.877304
4.465455 5.656417
-11.726553 -8.130429
-3.392830 -12.017989
-9.843369 10.383079
-2.793316 -2.153051
9.223661 -8.612959
-13.594242 12.083540
3.160171 -0.032867
2.025974 2.298535
-14.867628 -6.875799
-3.729392 -10.022178
1.166416 -3.187029
6.792781 -8.462352
11.072378 2.130074
4.635154 0.238898
-14.956175 -9.193314
1.288975 -11.577330
-10.928626 10.797434
-5.256217 14.146346
-5.409881 -5.997004
10.261878 -13.994778
-1.153219 7.556403
-5.749077 -10.046865
13.712458 13.792975
-6.341835 -6.888518
10.449233 9.189905
-9.634148 8.304680
7.163467 8.494728
-3.158019 -3.201631
0.624202 -8.214417
-9.253041 -3.331266
2.591839 1.225454
4.839977 1.347033
2.733173 -8.827092
-8.489307 12.933830
10.281030 3.064969
-6.381682 2.579120
12.609554 9.379205
2.830265 10.948032
14.408132 -11.685801
-14.539304 -11.728773
8.030879 3.538296
11.382235 -12.288115
10.996171 7.252092
-8.329724 -1.298437
0.098007 -13.258481
13.290540 -2.924805
-11.574407 8.755722
6.195417 -1.237702
3.130540 -3.907720
-7.477924 5.752377
5.281994 -7.811472
2.191415 3.482710
-10.116105 -3.932933
4.256158 -4.634788
9.626481 -0.917234
-9.955991 -14.619871
-11.549925 -2.363222
8.933579 -6.231368
-0.678532 -5.097017
-6.187410 11.426527
4.088988 10.846606
-0.460760 -1.891815
-12.676206 -10.868191
-1.744894 9.515981
10.272310 6.154986
-13.182029 1.096075
10.481140 -11.576618
14.342789 -2.715052
2.358090 7.408101
3.723030 -9.395631
9.426490 13.457610
8.883173 5.470363
-1.478621 14.769961
14.023473 -12.716801
-10.065613 0.247595
-4.533981 1.577151
-4.920213 -0.573795
10.333895 -9.226898
0.182889 6.740283
0.795807 -9.693080
-10.317913 14.040508
-13.481201 -11.889981
-6.459274 -9.121642
-2.011848 13.809361
7.844472 1.547255
1.814154 14.079866
-11.825303 -10.055544
-3.641867 1.112497
-12.847028 -4.789071
-12.185931 14.907645
-12.701081 -8.835620
11.363228 0.250072
-13.024607 -1.732466
0.887841 2.452380
-0.874252 -6.780066
-8.795185 1.995012
11.229356 -14.337013
-14.712231 -0.735543
-9.349548 4.242306
-8.567110 8.565044
3.649467 -10.404948
-12.178645 -4.038642
11.753133 12.298887
11.645743 -0.720612
-7.550244 -12.971586
-5.967167 8.313289
1.944890 4.655447
12.245691 3.814633
6.745467 4.781853
0.630837 7.693550
-2.307956 -1.258359
7.246681 2.381865
-7.969707 11.972158
-4.811809 7.869570
4.396027 7.009309
11.720099 -5.856362
-13.147127 5.968241
-13.773579 -6.685399
14.934688 5.054336
0.040730 3.218780
1.673774 -2.311866
14.662731 0.317749
9.078989 11.444080
8.186073 6.565893
-3.323298 3.640384
3.451597 5.544833
-2.127772 2.328622
-6.786345 7.596792
14.422624 8.999401
2.256849 -3.145554
5.226716 -13.128172
5.278085 5.031098
-9.164264 -2.188647
6.048867 11.877742
-0.799332 4.952864
14.825044 -4.474738
8.066587 -8.427973
-5.548382 4.596437
4.321336 9.865759
-14.884540 13.691715
11.110332 5.447651
1.487200 -10.515724
-8.399950 -0.219155
-10.770753 -4.881827
-6.803382 -8.167239
8.871699 9.444405
-11.363993 13.613668
-6.486059 -14.849758
-7.377559 -3.510366
5.475922 -2.283439
3.190797 -13.999599
-7.643338 -6.168651
11.296764 3.209831
3.814876 8.952302
-14.377476 11.302988
7.837232 -11.623187
3.261692 -12.905330
4.790579 -8.850171
7.624860 5.733512
13.666985 1.108316
6.885987 -5.584870
-2.154319 12.590379
-4.753264 13.121680
-11.107054 7.074143
-4.943390 9.261674
4.641591 3.544502
6.789953 0.854610
2.150498 -13.435216
6.387730 -0.200471
6.239311 2.810258
4.848657 -5.522877
-12.898955 4.003172
-1.488701 -2.028022
9.306753 -13.527529
-0.934094 -10.936733
1.380967 -12.774323
-12.354440 -13.289300
-1.444413 -9.666601
-14.655395 2.578997
2.242689 -12.115184
1.313905 10.525391
-12.523248 -12.211816
6.212613 5.894654
10.099303 -10.553980
10.813528 -5.093129
2.649601 -1.880842
-1.353007 3.979633
-3.070511 -13.175539
-0.185748 12.530533
-7.311618 -5.201181
-9.200070 5.402473
12.048447 -7.987225
-8.632223 6.334369
-5.813406 -1.365601
3.060443 2.128958
7.757193 4.627876
-9.020251 14.760972
-14.128021 -10.780618
-3.701705 4.612096
-8.619826 -9.009272
-14.896222 8.200598
-0.024067 -3.562269
5.222797 -4.370756
-0.108149 11.057026
-7.379446 -7.209483
5.902216 -9.367580
6.508257 -3.525407
0.410793 8.799294
-9.592978 -10.269641
-8.267118 -10.051881
-12.905625 12.846543
10.467681 -7.035176
7.341993 -12.816413
-6.080122 13.480104
-0.905554 -2.985221
-14.587963 1.283649
-10.416878 -13.714609
-8.125731 -11.222050
-10.841755 -5.922493
-12.032591 7.786138
-6.822596 3.582281
6.317915 -13.010635
14.284279 -0.670087
3.781717 -14.845524
-8.325142 -5.336686
-1.950231 -3.182072
1.696230 9.281549
-11.081412 5.991658
-6.276358 9.467243
0.147641 -6.633892
-5.365491 -2.440756
13.574277 11.324631
-1.340729 -0.969723
-10.256385 -2.867890
-2.877076 -5.337316
2.323658 5.707039
13.727742 -9.639794
-9.067951 0.589323
11.642053 -13.330637
9.908851 2.114231
3.337193 12.282870
13.344603 8.646706
7.349528 10.358241
7.055940 11.419820
6.344419 -4.516343
0.185580 -10.701244
3.298918 -4.957177
14.347536 12.641740
8.471261 2.598729
-8.701249 7.420697
-6.460440 -4.313400
7.670119 -1.925223
1.728089 -8.465294
10.801446 -8.086435
13.787858 7.722518
-5.489338 -3.599466
9.283415 -9.931380
4.053755 -3.450773
9.491559 -5.189444
14.160718 4.369757
7.843833 14.384569
8.191015 8.694649
9.616411 -1.974608
0.523321 9.856176
5.660165 9.926369
6.895611 -13.866135
10.096209 -4.270495
-9.002696 9.839331
12.576885 1.123856
-1.089850 6.554032
-3.474717 -1.028541
9.631745 0.748033
2.419869 -0.774988
-0.833551 8.803817
-2.348361 -7.007591
6.090120 13.905551
9.071122 -14.599890
-11.054257 14.889947
-13.764704 8.168707
-4.139006 -6.852277
3.587352 -8.166937
-10.382363 13.022911
4.742464 -14.467815
-13.802977 13.595522
11.473910 -6.894935
2.469270 13.263306
3.590397 -11.727142
1.507780 -1.286309
-7.684633 6.812670
-5.663242 3.295518
-7.596383 0.390078
-0.363783 -14.200640
8.623393 -0.241011
12.540781 14.541254
-10.589755 -0.793498
-4.142127 -7.968843
6.558183 12.825318
-4.251743 -3.808136
12.096780 6.625699
14.701174 -14.468341
-0.832226 -8.442448
-1.666957 1.396205
5.855639 -13.984952
-5.128965 0.558288
-2.362395 10.397343
13.475782 14.969378
-3.678620 7.560652
0.896530 11.435795
12.184881 -1.856117
-3.874423 -13.822477
-12.717009 8.534600
12.809011 -8.946774
2.531731 -11.114799
5.600254 0.543498
1.855737 0.355665
-8.188399 10.506516
-1.272488 12.099981
-7.915495 9.519140
12.996076 -6.614460
12.845302 5.634248
9.615668 -7.627839
-0.941885 -13.253192
-5.234009 -4.657065
-13.790672 -8.573447
4.104708 2.133056
-13.966937 -5.627493
-4.081651 14.429594
13.690375 -10.665120
-14.328387 -14.757941
1.066499 -13.978565
-2.335222 -11.860745
9.661205 12.266692
10.100705 7.733929
-10.387889 9.240965
-4.597592 10.815283
-6.925331 1.545527
-5.708906 -12.700010
-13.930935 -9.641550
10.932391 11.449288
-3.722534 5.633200
3.440706 7.935099
5.893627 7.278573
-10.763038 8.042967
13.518071 -8.236332
0.608874 -5.554420
-10.813625 -10.042372
-11.704719 -11.339293
-1.468102 0.030966
-9.076629 11.257187
3.835576 -7.048994
-2.615608 0.849597
1.067794 -0.264329
11.812915 -4.609108
-14.068864 -2.391447
-8.717467 -14.187666
-11.342418 9.796776
-14.764054 -3.310935
-2.803704 8.124618
6.857627 6.994892
8.541980 -1.344476
11.452056 -11.166407
-0.058444 4.248470
-2.295385 3.544116
9.300198 3.553608
-3.947088 8.590404
-11.164333 0.186042
4.424041 14.310974
-4.301919 12.100180
-7.711072 2.389577
3.206795 6.835346
-4.779361 3.848274
4.941424 -6.758489
3.797880 -0.992611
-8.403740 -7.171906
8.055217 11.132688
-10.124753 -9.269832
-6.462482 -5.819784
9.213329 -11.414220
8.331270 -9.558292
-2.690099 5.862696
13.733592 9.911055
-11.626396 -14.035082
6.707492 9.590239
-7.538563 -14.985298
11.751159 -9.011992
6.079176 10.873154
6.868247 14.688061
-14.545361 12.689928
-0.480522 14.255878
8.589969 12.354900
-11.513997 3.895005
-5.280569 -7.190948
9.712465 4.898383
3.010016 4.108350
-11.031108 1.321970
-9.950232 7.319062
13.065156 -12.046234
-13.537477 -13.630389
-12.106861 6.180889
8.562601 -2.617692
14.645671 6.910690
-12.439511 2.996398
10.767066 -1.281070
7.750055 7.477763
-2.082803 5.014427
-3.561184 -4.556938
1.810775 11.886125
-3.006641 -10.996789
-4.202223 -12.811590
2.653283 -6.626840
-4.005132 0.074306
-1.094154 -4.165620
-1.009539 -12.243429
-3.439129 -14.763571
-2.707220 -7.982173
-1.781270 8.483148
11.527764 9.170523
9.228263 6.499957
3.804385 -5.967181
0.258957 13.561404
3.970885 4.651274
1.408176 -7.367746
3.127174 9.965165
12.594793 -14.453059
12.737247 -13.006215
10.586743 -13.028294
12.954393 -0.958772
-2.744497 9.142627
11.769474 10.673432
12.037540 4.978392
-4.575547 -9.221562
8.580660 0.762702
2.737690 -14.947542
-5.627935 6.888313
-9.378435 13.413436
-9.221867 -4.674772
12.397192 0.091474
-10.600072 -12.204193
-11.935508 2.097119
2.739693 -9.881709
-10.990874 2.972798
-8.378398 -12.244333
-3.052803 13.733308
4.603263 11.942461
11.983955 -3.061509
-2.475085 14.861545
-11.830970 -5.300294
1.656032 -14.923435
0.924003 -4.541804
-6.840768 4.647583
-4.643126 -1.564575
-12.981657 -5.867108
7.183928 -7.076671
13.219280 3.327468
10.756810 12.497744
-7.013228 -0.807146
-14.180887 6.747206
13.474817 0.109388
-8.257469 -2.960904
5.848557 8.856377
-12.416049 9.550993
-6.795341 -12.277942
10.673696 1.186257
-8.848305 -6.192229
-1.829805 -4.880822
-0.514606 -0.304064
-11.498318 4.964229
-14.622908 -13.465736
12.997396 4.585892
-10.431225 3.873281
8.363679 -12.573597
7.587873 -3.245194
-8.284109 -4.182537
14.417778 14.556847
7.272069 -0.744061
-10.485276 -1.816328
-5.837658 1.659985
-2.575471 -4.096477
8.946568 14.354980
-0.642758 1.998738
-9.044695 -8.102330
-13.776161 3.184286
12.583280 -11.024629
-5.583398 -8.245791
-8.182138 14.166165
-4.942607 -13.731127
5.135063 12.975705
-4.662672 5.259453
5.198648 2.430212
1.118179 12.716700
-14.037626 -4.585992
-1.399717 -5.883553
5.437922 -0.538604
-4.618457 2.728870
14.585545 11.523210
-4.238365 -2.509080
10.497660 13.616712
-10.301756 4.946686
-7.070320 10.614345
-14.628056 9.699430
-2.592127 11.448139
-11.834601 12.672727
-7.567858 -9.173915
-2.542273 -0.213866
12.445341 7.839537
1.959351 -5.491851
4.742047 -11.293484
14.752957 -8.040432
12.918495 10.503730
0.936428 5.862478
-5.952352 -11.598430
13.541413 2.292829
0.426779 1.428737
-11.131001 -3.577677
-4.090824 9.807510
1.204364 -6.357942
11.137353 -3.751321
7.777055 -6.228330
14.723889 10.481307
2.654547 8.745758
-9.399472 -13.450146
-7.320479 8.479196
-11.939964 11.627823
8.935228 -4.086643
-4.260965 -5.567529
8.210891 -13.594122
1.192638 3.656456
11.098854 14.541142
0.248488 -12.064076
8.256602 -10.710497
4.672793 8.072182
-9.899766 -6.550976
-7.233679 -10.210472
-3.302378 2.131930
6.117135 -7.002497
-7.086777 -13.964367
7.409735 -4.484969
4.437156 -12.481673
-10.017149 1.282078
-13.704625 4.668112
-0.238814 -7.618820
-1.964023 -10.896226
12.803466 -10.022578
12.885988 -5.363159
6.728004 -2.418767
0.257536 -0.969548
-6.010387 -0.378180
7.691564 0.273895
-12.088935 -6.723719
5.241205 6.289391
10.293559 -5.950136
13.553758 -1.806844
-6.864951 -11.163923
-5.394626 12.067019
7.307045 -9.762566
5.602210 -11.882245
-7.328884 13.198571
-14.543024 3.899410
-12.052364 -1.398720
-12.910704 -9.893418
3.547144 3.252842
-9.609937 -12.423154
5.546677 -10.359231
-13.429538 10.282997
4.772360 -1.292646
-9.632946 12.223923
0.217290 0.405592
-14.995494 -1.890236
10.414039 -0.085783
-0.503472 9.820773
-8.235507 3.333934
9.043513 7.591256
14.522041 1.862207
4.067298 13.209629
-12.534822 -2.659790
1.506025 1.366553
-10.119227 2.358610
-13.663214 -0.894036
3.635429 0.974833
-12.895861 14.100366
4.403523 -2.415793
2.619471 -7.797194
-5.063350 -14.754284
-7.932286 -8.074277
-4.405821 6.422810
-11.048745 -7.205451
-5.995011 -13.874056
-5.871498 5.813377
12.428266 11.468690
-9.286711 -11.352873
-7.984774 4.593397
11.975906 13.660320
-13.518336 -3.707935
-3.146890 -6.352432
9.431480 10.390384
-4.429144 -11.680626
9.497669 8.649760
8.808059 4.433227
-14.155123 -7.633156
4.653381 -9.841644
-12.989733 2.079039
8.234211 13.428065
-13.320557 -14.644365
-1.545384 11.129829
-14.257245 5.658169
-2.602491 -10.052398
14.425060 3.347269
14.004021 -3.748903
3.363318 13.923933
8.381380 -7.132709
-7.977006 1.415155
1.556522 8.107867
5.763916 14.980880
-13.164550 7.159922
6.763292 -10.643307
8.217795 -5.251898
0.418811 -2.519531
13.384776 6.639081
14.176133 5.979021
-9.380350 3.075746
9.522172 -12.454406
13.799876 -5.994430
-6.297851 0.766601
-0.090322 5.704448
0.582801 14.536955
-5.589733 10.413520
-6.854922 14.152064
-11.200393 -9.116331
8.983054 1.715537
5.828971 3.912389
-6.705656 6.555523
3.269813 -2.688882
5.852284 -5.970870
-12.092117 10.570083
-9.859172 6.181819
7.669342 -14.513920
5.912386 1.602313
-12.887977 -7.410806
10.714972 4.207475
-0.157246 -9.278479
