-2.356125 -6.343007
8.948702 -2.679050
-1.752438 -8.506390
-4.575602 -14.025292
-5.721740 14.282030
6.303937 6.080581
-11.144900 14.702892
-2.579643 -13.371679
13.622452 4.167659
-1.068505 1.964056
-10.255570 -7.997811
-5.395754 6.895449
0.409863 -14.305651
4.126907 12.829959
-5.720831 13.142058
0.453938 2.278531
4.156661 -8.893273
-3.040585 -1.887794
-7.804095 8.726739
3.101362 -0.092772
11.814379 12.781896
13.808626 -9.292759
5.190661 -7.036671
10.767291 3.609799
7.612438 -4.457239
-14.054070 11.544579
14.422871 -3.331572
9.438021 0.217610
-8.715293 6.342379
10.674292 12.261810
0.519559 -7.681093
-0.951674 -7.638288
11.250968 5.906871
-14.417275 0.409519
-11.216034 -4.117789
1.293556 9.607261
-13.115127 6.984020
6.361421 -11.127284
1.615149 -2.695170
-0.712926 8.436470
3.817428 1.142020
8.500498 -0.219751
-12.277710 7.723586
4.776616 -1.931306
-7.489893 0.518796
0.155650 11.583225
5.501450 11.523179
-0.319132 -8.588144
6.959954 14.395663
0.996349 10.681940
14.415099 -2.212074
-10.493980 4.568603
13.131667 5.091270
-4.147326 -8.504116
10.717979 -13.167609
0.506793 -5.971837
6.522906 -5.116546
-13.192092 -2.863611
4.465335 2.325637
1.876461 -11.842096
-6.715088 -0.405583
6.935943 -6.375741
13.303059 8.269493
7.973054 3.174101
2.669625 -11.045221
-14.069570 3.941344
5.617628 5.176905
6.962178 8.073980
0.728369 6.760612
-0.523898 -4.411542
-9.831199 -11.048838
1.382977 -8.317697
-9.555985 2.511837
-3.270830 14.522735
-14.018610 -5.134540
-10.023795 8.105237
3.341157 -2.092014
-0.914525 -0.722007
2.364660 3.575167
-5.456386 -14.613638
9.249516 1.305962
-3.134384 1.715624
2.285647 -7.776686
6.824068 7.032658
-11.354668 -8.514980
12.371296 -5.657939
-3.706291 0.860130
12.215697 5.534159
-3.093782 6.506727
-8.618554 -12.460854
-7.015930 -6.943848
-3.052785 -7.611405
-9.554415 1.306570
9.717414 10.758810
6.366886 3.841156
10.230898 0.936351
8.434191 4.102450
-2.628447 -3.832717
-13.875360 -9.415051
2.279603 -8.953968
10.640230 -8.989436
10.750093 10.842940
-4.664394 13.960461
13.567202 -7.733346
14.686871 2.279083
-10.176931 6.700713
8.726661 -4.540026
-4.363902 -2.350393
-3.308348 11.661163
7.766703 -2.368235
-9.836847 -3.930177
9.026092 -10.468291
-2.343420 11.321471
-7.435255 -3.432817
-1.946360 2.471105
12.121803 7.639912
-12.345804 13.596203
-13.151055 -13.189262
9.711921 -4.303384
10.255681 5.166891
12.429913 -2.811992
-5.945605 10.334250
-2.370634 -9.752772
-2.150404 -0.901424
-1.802505 14.778205
-10.542540 -13.256650
12.978136 12.091072
-14.871893 3.315458
9.722261 -8.552167
-2.992525 13.350419
-2.841680 0.187804
-5.405461 -5.414902
3.498358 5.352906
8.131506 -9.949030
-8.926395 -14.536802
11.281882 -11.500040
7.167623 -11.759585
12.295966 8.712642
-10.257490 12.317882
12.587543 1.469469
3.594396 -12.000757
7.127910 -7.855607
-11.069089 11.570015
-0.424312 -13.692720
9.831749 -14.886233
8.220741 0.771885
4.218535 9.521847
6.851837 4.903129
5.648679 1.580754
-8.877007 -11.371212
3.642718 -7.253990
-12.732929 10.117063
12.202414 -6.782190
2.025111 8.437534
-10.679629 -9.983335
-1.381950 10.690115
-14.318749 -10.521281
0.585370 -9.070380
5.344473 -13.533805
-1.382809 5.715450
-13.288473 -10.495912
-4.300900 6.942247
-0.512158 -14.887982
-11.918674 3.980308
1.614296 5.387702
6.433216 -4.053666
14.749198 4.530830
-11.236746 13.466875
-4.865329 12.067884
-2.847151 4.379678
-3.209358 9.011078
-6.430992 6.992883
-5.447704 -1.688372
-6.182983 -8.544993
-12.244911 -7.793747
14.404785 13.250539
7.611599 6.378970
-9.289635 -8.389733
5.422893 -3.736885
0.275004 14.412159
9.842232 7.413391
-10.691338 5.802941
10.402861 -5.757574
-10.706592 0.356815
-2.884828 5.406978
-13.316385 -8.041052
-10.654502 -3.185405
-12.376434 -12.311633
3.199279 1.933429
0.205887 -3.660884
8.139999 -3.538652
-7.397316 -4.521929
4.396196 -11.380321
-10.687400 -6.551729
-6.789760 -10.847508
12.247599 2.548367
-7.049186 -1.597563
-14.419885 6.316621
-14.910338 -14.233041
6.818199 2.737341
-7.027371 9.458711
14.718925 5.634689
5.858030 -6.202609
-12.144796 2.889466
-10.635748 -2.060459
-6.196874 2.878879
-8.510371 -9.187897
-0.285109 -1.712722
-10.648341 1.590891
14.068794 9.146715
-13.986244 5.079615
-9.556707 9.604571
-5.981670 9.155857
0.040665 12.704768
12.857588 13.161495
-14.269833 13.553554
-5.828568 -3.603862
3.684455 7.916740
14.591449 11.344227
-5.085626 3.901069
-2.596602 -11.042613
5.801933 -1.453613
11.883881 -13.457737
-11.995751 12.597862
-14.263771 -8.493206
-14.881030 -6.340180
2.298366 -6.386405
-12.977617 4.569745
13.187679 6.147677
-11.664050 1.944551
-9.899077 -5.869390
-6.998867 11.144910
9.705458 13.047047
5.338783 12.549113
1.303835 12.854568
-7.301001 -13.971687
9.200348 -11.529027
12.865289 9.690009
-3.318732 -12.304626
5.618149 -11.804493
-0.141760 -11.068746
-11.276266 -7.509793
-2.436277 9.696846
11.256045 -2.888563
3.297666 8.979608
-4.986621 -6.500276
13.971384 12.265960
8.902210 5.410877
7.808521 1.926224
-4.824153 8.848569
-2.748345 -5.352918
11.222776 4.717760
-0.943062 13.133953
4.449458 -4.407434
8.739184 -1.699857
6.629946 -2.258976
6.637776 -13.719289
-11.090136 8.286385
-0.980628 14.165574
-9.701917 -6.986379
10.408724 -12.002115
13.570178 14.954549
-12.654961 -5.569088
2.555494 -3.514300
-13.468050 -11.597108
5.389470 -5.272152
5.364712 -10.469936
2.116394 1.871240
-1.448160 -3.792436
-5.422781 2.235466
11.228451 0.176211
-11.065373 -11.233538
3.406422 4.006056
-4.138300 -7.416003
8.030668 7.345305
3.474677 14.109096
3.356750 -14.765843
-14.807024 -4.082293
3.486412 12.015708
-0.180900 1.464444
3.645883 -10.681110
-0.830626 -2.832612
-1.923590 -7.354524
9.373211 -13.799360
14.512503 6.767900
-6.094229 0.408159
-12.174566 6.174361
3.487234 10.302316
2.926518 -1.091207
12.295274 4.426482
4.432343 3.373920
-6.379697 -13.049340
2.535688 7.514098
-12.384544 0.921504
-13.345994 3.221023
11.403665 9.323801
11.900813 -8.941389
-14.180732 8.425900
-4.889436 10.252958
-9.006776 7.494852
-10.766469 -0.664738
-13.827683 -6.174608
-13.286837 -14.638950
1.485817 -4.394048
-4.889124 7.824474
7.360285 4.009303
8.291886 10.368366
-2.701048 -14.533783
0.126183 -10.007989
11.168146 -4.952126
6.360555 10.315687
6.351685 -14.695693
-8.707008 1.901850
14.046855 -5.863874
1.439938 -14.980603
-5.187262 -8.128560
-14.307387 14.807235
7.311107 13.254255
2.801934 11.279297
-12.253346 14.921017
4.531570 11.836661
4.301365 14.775563
-4.009478 9.611803
-2.159768 3.608718
-6.093245 -9.999981
-4.334048 4.879190
-1.435689 -14.238621
4.517816 -6.063765
13.560833 0.803177
7.146787 -3.255127
-12.707443 -1.075663
-6.009861 -6.468711
-0.680837 -5.502231
-11.770346 -6.317968
3.886193 -5.244361
7.911140 -7.216118
6.282464 -8.917091
5.213304 -0.552380
13.401011 -13.115732
0.531812 5.641185
-3.392143 -3.089672
-6.713493 -14.943344
0.153644 -0.623482
7.222110 -10.601492
-14.952229 12.414097
11.059708 -9.908622
-7.494229 -9.739132
0.529633 -11.842561
-13.353547 14.252264
-3.751492 3.910730
-12.670362 1.987206
14.635181 0.877452
9.276730 -5.412151
3.128201 -8.412979
-4.915658 -10.362303
-0.602015 5.079199
10.253675 -1.829542
1.214613 13.900771
5.772581 2.745785
11.513381 1.379553
-0.817943 11.854417
5.469397 9.752410
8.759585 11.280095
-4.125707 5.950714
8.403848 -12.415621
0.473570 -13.091270
5.422762 14.807988
-13.333035 5.940636
-11.037257 -14.187520
-1.066192 6.831495
-11.750823 5.158902
0.272289 -2.641488
-3.217830 -9.148469
-9.614944 3.938621
4.364441 -9.928684
5.003183 13.746210
-9.143028 12.714206
-2.230752 1.198552
8.708271 13.158056
-14.506880 -1.874838
-13.110884 11.057897
2.859349 -12.776174
1.359165 -13.978116
-4.616198 -3.350084
-6.676245 -2.756767
12.163324 -3.939365
-1.945569 13.666050
9.617042 11.900776
-8.937234 13.989312
-4.518017 -11.586832
11.866206 -12.369355
-1.790800 0.048318
9.851579 3.153490
14.164920 -4.515500
-6.072824 -7.469712
-14.318835 -0.793212
9.105112 8.170754
-7.739389 -2.421229
-5.934737 7.879645
13.332090 -3.679240
-1.091226 9.498625
10.022422 6.363075
-6.676649 5.309563
-7.904304 -6.143906
0.367690 4.504451
0.964452 1.382621
-4.321976 11.079078
14.287646 -6.960179
-4.438574 0.094089
-4.228673 1.975458
-11.585730 -13.278422
-7.590624 12.384338
-1.116301 3.090529
5.462269 6.894029
-13.212720 8.158376
11.637128 11.454093
-8.340345 -5.053795
-3.166384 10.436365
4.986988 8.811156
9.507940 4.418859
-6.683459 1.410183
-9.921590 -14.229636
12.715339 -14.232779
-6.323110 -4.607483
-7.420406 -8.721202
-8.706745 -2.883747
-1.369982 -9.495464
7.498842 9.721272
-1.476425 -4.827006
-13.955024 12.560662
-9.604719 -0.390802
12.133650 -0.627231
13.151299 7.225654
-12.588664 -3.787256
8.044903 8.552022
6.504635 -0.683239
6.743761 1.651020
10.682744 -14.289932
4.762145 -12.461846
10.182966 9.762913
-9.678660 -1.462309
10.208900 -6.742242
-8.905215 10.688812
10.933572 -7.472127
6.208447 -12.723918
1.362173 -6.947760
4.625023 7.442800
-2.195489 -2.567771
2.580640 0.899847
-0.412446 6.072241
-8.530522 0.848724
12.592475 14.653922
2.359961 4.716220
9.699704 -0.792217
7.881407 12.040400
-14.965127 -9.243030
-2.121044 -12.296818
-1.792891 12.534946
-5.428195 -0.511663
-8.887471 -5.941510
-10.514088 3.129485
12.483057 -7.795210
-10.227811 -12.224450
3.816798 6.720195
2.631006 -5.227291
4.583793 4.797922
-2.092466 8.740368
-11.541004 -1.348848
13.201646 -0.307779
-14.149072 -7.269550
9.254335 9.247444
11.399510 -6.088572
6.258341 -9.974510
3.380600 -4.337274
-12.098906 11.524915
2.121362 -10.156254
-0.201312 -6.876574
-6.703133 -12.024335
1.501513 -5.540300
-8.708601 3.175474
7.331419 0.193066
-9.473386 -4.914826
-0.065912 3.572578
-3.426640 -6.639736
-4.414202 -0.992053
10.026818 -2.856282
14.065481 3.170945
11.298186 -1.798312
10.852506 -3.991867
-8.268883 -10.401911
-7.482984 -12.689653
14.531525 8.253480
-2.023734 6.487181
4.140070 0.027195
-4.336304 14.944600
0.107313 9.092100
13.018965 -4.854809
1.431055 7.496579
0.996924 8.593950
3.967405 -13.162939
-7.763162 -11.580903
6.662362 9.144227
3.164480 -9.477500
12.216635 10.522455
-1.870968 4.700849
-7.819035 -7.757981
7.297681 10.730931
7.438742 -12.899253
8.889600 -6.341504
8.852085 2.481789
-12.458281 8.848927
-4.255331 -5.399709
-0.401902 0.369696
-9.846498 13.500867
13.974482 -11.241065
-2.860341 7.650309
11.895764 3.487816
-12.336722 -14.055406
-10.658328 -4.952337
-1.328471 -6.464903
-8.293108 -13.628441
-7.726414 10.424174
9.995292 -9.877338
-13.517573 1.215355
7.244256 -9.438270
-12.876614 -6.748549
-1.313616 -1.767248
14.320209 -12.222398
13.044165 3.286685
1.567519 11.596934
11.246823 2.529670
-5.019650 1.281362
4.064004 -1.063451
6.600611 11.934901
-11.586225 -2.767236
-11.990004 -0.063111
4.637978 -3.047114
5.211495 -9.309124
10.659392 13.382476
-7.870140 4.023374
8.288132 -13.470736
-14.716060 7.549782
-5.515140 11.281981
-5.363697 -9.123970
-14.099136 -12.539692
12.459569 0.364598
-12.309988 -10.910492
4.720815 6.131895
4.760356 10.509333
-14.971137 -13.184900
-1.224950 -11.643916
-12.571703 -8.791461
2.363595 10.039155
-8.690301 -1.239976
-1.775382 7.736214
-7.473906 6.507364
14.655806 14.636013
10.668217 14.404236
-13.044623 -0.059070
-3.542194 -13.984253
-6.773833 13.176881
7.745547 -1.311003
-6.771790 -5.760484
1.102330 0.239372
5.578032 -8.123825
4.338703 -14.121551
3.367094 -6.212828
13.390229 -2.372433
8.469298 -14.518721
-11.603777 10.231953
-5.734672 4.682584
12.034305 -10.415224
14.864279 9.884989
0.415123 -4.808348
13.302204 10.729044
-12.401449 -9.877047
2.526509 13.471588
10.752416 -0.811881
-8.018775 14.727445
-9.550256 11.498311
11.724996 -14.738236
8.612631 -7.947498
-8.040879 13.423216
-7.656185 2.283276
-11.889720 -4.888149
13.633764 13.918259
-13.493955 -1.849707
1.536908 -1.123958
-9.343019 -10.078150
-5.987028 6.052684
14.327601 -0.261054
10.143372 2.187756
-4.074662 -13.081161
12.062754 6.620957
3.173536 2.936033
14.176606 -13.769622
12.917036 -8.806307
8.087671 -11.244432
-6.569307 3.865576
2.469150 14.657336
8.099877 -5.689418
-1.389935 -13.060002
-1.297166 -10.604187
13.513094 2.000203
13.386865 -1.343155
11.650237 14.017911
-5.621659 -12.193875
-7.671632 -0.759458
2.881108 6.280999
-11.244741 -12.232541
13.339295 -10.380857
5.522434 0.424168
14.910743 -5.308173
13.101798 -12.123226
-5.086205 5.569307
7.834025 -8.579732
5.642938 -2.630621
-3.328818 -0.736311
-9.764981 -2.553954
-9.057274 8.637276
-0.025709 10.312957
-6.192952 12.237990
-3.707284 -4.123059
-9.507252 5.720319
-14.030867 10.462849
-3.454263 2.876662
-7.488865 7.554944
7.840195 5.262429
-8.701243 -7.047871
-14.114699 2.226199
14.722366 -1.191542
6.227717 -7.335301
7.442542 -14.683686
0.993172 -10.883349
2.476338 -13.801939
10.834640 7.116812
-4.979196 -4.373880
1.725395 6.462684
-13.711276 -3.956070
2.099780 -0.051508
5.922239 8.411963
12.390362 -1.722296
-10.084883 14.560666
8.788611 -9.174839
2.249055 -1.857974
-13.808013 9.372286
8.244177 14.482854
12.371254 -11.438525
-5.275086 -13.244262
13.143554 -6.395750
-4.112145 -9.728023
-10.735568 9.516574
-7.675449 5.090729
-8.759960 4.556575
-10.085017 10.633659
9.502428 -12.793739
-5.750588 -11.179520
-12.414832 -2.181962
-8.530827 -0.152825
9.378916 14.129815
-3.260403 -10.271146
-10.007572 -9.110234
-9.506787 -13.280290
-8.482630 9.651859
11.153385 8.343676
-4.662856 2.974919
-12.994948 12.056249
14.578628 -10.350878
1.092140 3.126783
-14.864897 -11.461003
-8.349750 -3.962868
6.100704 13.223705
-14.042591 -13.649071
8.959054 6.608732
-14.374012 -2.894490
-8.043442 11.397437
1.355531 4.118571
1.552491 -12.806819
-11.345002 6.922573
-3.978424 8.244731
0.232429 7.911608
2.295497 12.391762
10.267363 -10.941563
-4.021876 12.994737
5.243304 3.971499
3.560942 -3.279488
14.957563 -7.727148
