6.051062 5.007537
13.532133 12.309491
9.145018 13.977820
-9.543253 2.522934
8.174148 6.160652
-13.673947 -6.780015
10.701169 8.274500
-3.034442 -12.022107
4.517247 -8.436176
2.250097 7.522341
-12.183131 -13.470524
14.328361 4.504891
3.718982 13.785180
-7.975211 13.175249
3.014768 3.831501
-10.345345 0.016826
6.784085 0.905185
4.036887 3.709747
-3.887362 -3.172825
-14.615901 -12.409984
-13.577855 13.683560
12.868103 10.898736
1.926313 8.528410
-10.290056 -1.073570
-10.343983 -6.646245
-5.110322 -11.645850
-0.181573 1.228486
5.268816 -9.189624
12.350680 12.855044
-10.887055 8.446755
2.652342 10.851071
11.255253 -1.986725
11.916359 -7.680170
-5.592216 0.905483
-9.133713 -2.736243
10.880028 -8.094088
4.418856 10.772519
3.021182 -10.246478
-11.198441 3.683357
11.950292 14.781901
-7.187778 11.186918
6.769544 10.268945
-3.894658 -8.223453
-2.590100 10.817499
-10.583505 14.611143
10.040443 -8.707248
6.289032 -6.033654
13.132170 -10.825530
3.285004 7.201275
-14.635210 10.120563
-0.685470 -3.756502
0.018431 6.489249
-14.294621 3.733201
2.973143 8.328426
-4.376838 -14.514274
0.181665 -6.638728
12.710422 -14.319281
-5.513452 -9.810237
0.864357 -14.442489
8.160203 5.049482
-12.489278 -0.718712
-9.198631 -6.706631
-10.857531 11.759423
-2.918703 -0.366352
-4.095752 9.314043
11.239986 6.438814
2.013255 11.702652
7.931563 -5.102780
-1.852596 -2.662369
10.464113 -14.202175
-9.522586 -10.829984
0.140171 -13.631260
-2.382704 -10.032473
1.437798 -4.656906
14.979116 -3.891461
3.640345 -11.675684
3.213800 14.822935
1.612140 -12.209202
-9.184301 -9.435646
5.113133 -10.238872
-0.884019 -8.643584
-5.544350 -6.451791
2.930325 2.777847
-1.923864 -0.785302
14.322877 -0.624676
10.626668 9.448588
-3.413902 -5.655827
5.723763 10.849188
-13.071468 6.995559
-13.293491 14.756726
3.483771 -14.168660
-3.546747 14.926119
12.537958 4.545514
9.008311 -6.604766
-8.091660 -6.119194
5.677092 12.982170
7.787177 1.214498
9.541754 -2.854310
-6.671187 -0.491763
10.627528 -2.772760
1.060240 -1.234491
10.941185 0.407357
-3.383326 0.652209
14.853293 -2.898890
8.281081 -9.743409
-14.013086 -3.478137
6.433128 7.668132
-8.568939 -4.830763
8.161143 -0.893476
0.023520 2.366736
-13.292994 8.540671
8.695472 1.981490
0.606773 -12.228165
7.749809 2.660246
7.211134 8.323058
3.898661 4.736000
10.402301 10.424485
1.882000 12.815025
-5.557165 -4.799676
-14.767511 -13.590865
-1.401915 -5.044679
6.286889 9.222956
-6.762281 -9.183646
-12.635194 12.283237
5.841485 11.936188
-4.218370 -13.518826
4.266648 14.737237
8.690501 4.114223
-0.372459 -12.610294
-11.902268 10.121911
-12.151311 -2.862788
-8.256607 1.713320
-11.634975 -3.848624
1.424546 -3.400732
-12.940674 -3.536073
3.850405 9.282229
-7.409445 -5.248169
9.627700 9.324109
13.169892 9.729955
2.854531 5.413891
4.423810 6.905323
2.061326 -6.246166
1.451206 -8.936618
-1.113413 -10.579997
-2.665984 12.036686
-9.821525 4.723125
0.714232 3.846897
11.942574 -2.895380
10.047797 -12.825538
-10.924479 -3.122597
-6.268136 -7.331408
-11.456143 -4.999603
7.574791 -12.690199
-13.749135 -1.196913
1.457409 -13.550368
-12.271440 2.928003
-13.410598 -9.065630
-2.777689 9.126769
-0.805442 9.818169
12.525687 1.300985
0.091014 -5.637054
-9.313705 11.739952
13.217270 13.627444
0.616381 12.767665
-11.676164 0.444775
-10.366398 -7.957033
8.235472 -4.133194
-9.934111 -2.063872
11.155915 -10.728332
14.137739 -13.967598
11.793981 10.274909
13.627002 3.789387
7.568211 14.788961
-7.659948 14.646627
1.304209 9.724070
-12.442255 -5.698837
4.405843 -4.133191
0.047293 4.597910
-5.938404 -8.394861
-1.690892 0.278612
-1.033846 -13.419976
-7.068466 -10.244346
-0.285772 11.355276
-7.228313 -7.702432
5.527564 -0.829725
-7.860458 -4.103951
-1.982872 12.794365
-6.373449 3.953177
-8.898683 -1.736811
-2.443340 8.086811
6.734210 -0.624898
-12.954601 -4.699197
2.016589 4.380087
-9.392252 1.318537
-14.277050 -9.672510
-7.570015 0.008831
8.656182 14.861256
3.292175 0.454542
6.111093 -9.972760
9.690394 -7.516811
13.728038 -4.456029
6.561390 -5.025403
-8.183962 11.977049
-3.065264 -13.098667
-7.068328 -13.036259
8.596578 9.431647
-4.689580 1.486191
11.492950 4.145503
-1.311905 -1.653856
-1.838672 10.041607
7.259839 -9.850177
-6.304260 -1.426226
12.306801 6.378466
10.617773 3.587253
-1.093426 2.371585
5.988482 1.560998
9.104197 -1.704874
-4.522016 13.032504
8.538570 -2.918795
7.920256 10.759467
0.822104 11.540632
-5.976996 -12.182292
14.105472 -7.944213
5.260995 3.517860
4.988955 4.715016
-10.402859 -14.357157
14.867141 9.183787
9.012787 -8.448424
-9.183005 -13.919599
8.906754 0.987475
7.875954 12.276396
-4.178129 -12.332333
4.193671 -6.662425
-2.930447 -7.910248
-4.283512 3.851470
7.560478 4.116917
-10.779956 13.366044
-6.947774 12.493852
-5.015430 5.530974
13.428666 -12.021424
9.246908 -4.315691
10.279839 -4.857590
-12.535030 13.348381
12.607662 8.671756
6.249970 3.762083
-12.859514 11.103755
13.346427 0.686730
-12.910922 -11.517183
4.227605 -2.156807
2.632723 13.492072
8.902722 8.460276
14.561388 0.806327
11.511895 1.479192
12.003735 -11.304145
4.922325 13.703000
-1.906786 -8.272674
-5.303250 3.737475
11.065960 2.441206
-12.499326 5.378952
1.006954 1.878327
-9.003284 7.291058
-6.960119 -11.777414
-0.468614 3.397345
9.244249 -13.610946
6.596275 6.599647
11.098758 -12.141039
3.319194 -3.345874
4.021069 -10.728039
2.278707 -0.517963
2.492490 -2.741814
12.244219 2.282730
14.631595 -9.373224
-2.678786 -1.608579
0.640223 5.504076
-1.426696 14.107993
5.506938 -2.212116
9.941963 0.243123
13.280170 -13.084469
12.357656 -12.243017
6.854357 -10.805153
1.252696 -0.187435
-5.958547 2.900276
5.350019 -5.083148
-13.609740 11.983066
7.911475 -11.707125
-6.386179 5.423364
-6.035276 13.697180
10.285902 6.974258
7.150520 -7.932987
10.197627 -11.688318
9.125696 6.545702
1.796341 0.798142
9.704798 4.012738
2.814615 9.322626
14.905640 -14.664042
10.477494 13.821873
0.153800 7.901740
7.582561 9.291140
-2.325429 3.327422
-6.020762 9.221233
-1.185760 6.479963
14.235002 10.001987
-4.293113 -10.864584
13.207060 -0.338740
-0.428452 12.870591
2.871856 -1.622894
6.894035 11.374361
-10.174780 -13.359050
-0.295050 -14.615045
5.920890 -8.125861
-4.296520 -6.976221
-12.795562 0.548237
-8.457650 4.387283
4.117888 5.930639
-11.235633 -10.609755
8.851979 11.811544
-10.678880 -11.667036
7.600136 7.309410
13.193915 -1.343154
14.400907 -10.635517
-8.858910 -3.827263
-2.952752 -2.650171
-7.052272 2.350428
5.222487 8.906771
5.845482 14.207120
0.409376 -3.448294
3.202332 -5.820436
-11.493366 5.746190
-2.878404 5.174437
-8.977308 12.851633
14.322181 -2.013570
-4.534342 0.283394
-11.389314 -6.004325
1.684057 5.710071
-4.747766 7.682572
-5.925876 -3.689610
-2.413266 -6.030347
0.004093 -11.260765
1.210126 -6.786900
-7.116166 4.669819
-1.607889 4.363573
-4.692416 -2.422806
-10.394552 9.349138
-13.534125 -0.183489
-6.877689 -14.113342
2.389929 -3.737362
4.332286 -5.384146
3.838708 1.532706
4.780682 -13.679064
0.544793 -2.329562
7.189457 5.677724
-12.490855 7.846497
-14.806760 5.936654
8.010185 13.827691
14.004634 6.987992
11.582406 8.752006
7.050043 1.931309
6.287545 2.611283
-2.074566 -13.555870
-11.436654 -0.705821
-4.431629 -9.865696
10.028051 -0.894606
-7.893949 -12.458334
8.770882 12.975940
-10.430668 2.991158
14.246658 13.232190
9.145684 -11.608815
-0.586844 -2.730516
11.207992 -6.919714
4.201620 -1.106440
-9.212380 -8.258819
-13.723189 -2.388812
-12.147073 1.373879
-6.800417 8.512510
-14.237442 -11.387186
-5.845784 8.143861
-8.939278 5.682304
8.318152 -7.386672
1.016295 -11.226908
-11.676893 12.612489
-0.428746 13.912289
-7.377346 -2.047412
4.007152 2.665932
-8.137248 8.936453
-6.358015 -5.507103
-3.145246 -10.773947
-9.896063 -3.400898
-10.828397 4.864947
-10.909775 6.804105
14.104938 -6.757568
-4.941096 8.683458
12.904392 -5.366581
-10.064970 7.697574
-14.847559 -7.569770
-8.073885 -3.008065
3.821642 -13.014973
13.684738 -9.006684
-1.001310 -6.526222
9.976436 6.007467
-8.274271 -7.327073
-5.382689 -14.286835
13.096084 -3.413684
-14.285823 1.089108
-4.639418 6.558388
-14.046150 7.800555
0.844183 -7.849226
-8.720120 -11.851976
12.923004 5.520303
13.574237 1.763092
-11.960214 6.729797
6.856061 12.831773
-13.508419 -5.623896
1.644913 14.248633
0.645657 14.533665
-2.054829 -12.499910
-7.984712 -13.552794
-3.650718 12.430127
-1.253592 7.788585
-8.605221 -10.359911
0.623388 8.885293
12.259848 -13.238860
2.663182 -8.873484
12.577627 3.485532
14.526241 12.031671
10.940068 12.885896
3.079813 -7.032276
9.098595 -5.391319
-12.539036 -12.503720
9.072276 -0.342844
-10.158514 12.495091
8.616587 7.474124
6.621622 -8.839967
-7.041537 6.219945
6.166609 -13.888849
1.997715 -10.077999
11.827042 5.480754
6.737268 -11.833162
14.731160 -11.595681
-9.339975 8.470380
5.046409 -6.099912
-8.264810 3.183692
2.083676 -7.321763
-13.094411 -14.156831
-2.405800 1.370878
12.842356 -8.107062
-2.137241 -11.083147
-1.141234 10.786001
9.799649 2.121127
-3.058596 -14.181804
-2.912569 -4.750611
11.336683 -9.087596
-1.741952 8.880908
5.024823 9.940415
-13.695887 -7.799625
-14.087170 -4.675238
-5.147631 -12.925002
-6.083951 -2.540251
-6.016266 -13.490949
9.346083 -9.500465
-4.793775 -3.771182
-12.082665 -14.938999
14.757936 3.285076
-7.210576 -6.619326
2.971320 12.518967
-8.123817 10.823795
-3.230417 -6.919945
14.290511 -12.768699
-3.592132 7.073975
-4.764262 12.059134
10.385411 4.880386
4.112688 12.731521
-1.980692 -6.981086
-12.029955 8.815019
-6.850527 1.056201
1.143640 7.754350
-10.640254 -9.778924
-3.464587 1.694236
12.409699 -4.282438
4.650663 -0.031542
-2.731977 -9.020564
1.107549 -5.655552
4.578302 11.788992
-3.982288 -4.798753
13.028522 -6.717185
-0.621838 8.719131
11.107430 -0.845239
6.232005 -7.117988
5.321444 6.000638
-7.048245 -3.223051
-11.701666 14.070116
-9.010587 9.563583
-1.771747 -4.094469
2.303819 -14.647017
11.934495 -10.090016
9.642357 7.740419
13.934478 5.588235
-1.327491 11.921443
4.174678 8.305430
10.305584 -3.818933
-9.749114 13.786177
7.235372 -6.653527
10.487636 1.367375
7.880153 -8.694616
-5.867788 12.614495
-14.721859 -6.231981
-9.731927 6.596195
-13.264710 4.687886
14.979120 -5.251376
-1.763793 5.353699
-0.072567 0.233208
9.188807 5.073431
-10.548550 10.351306
9.905489 11.505846
-8.231393 6.621719
-0.889144 -0.625091
1.001823 2.880487
3.368799 11.573593
-11.396033 2.295059
12.956438 14.624069
-11.127312 -8.704616
-5.656072 4.692910
11.697307 -14.074596
-9.420857 3.727610
12.908821 7.412940
-8.980565 -12.905896
-10.387029 5.796443
14.007343 -5.739830
-14.626566 14.301284
12.952792 -9.731979
-12.350607 -9.904361
3.286882 -0.588764
-3.618061 13.886073
-8.617889 14.016082
-14.140603 2.489987
-5.612882 -0.165310
-4.554632 11.020245
-12.483809 -8.588100
-0.585965 5.611718
4.896474 1.208492
-3.845376 -1.864131
-10.681542 -4.155869
-14.652302 -1.900838
11.035992 -13.174748
7.131259 -3.686451
2.785880 -13.206984
-11.373627 -14.102119
-11.809477 11.179177
7.563638 -2.281554
5.879869 0.118314
-14.109819 9.237792
-5.533630 14.634084
-2.612435 13.904465
-13.480913 -10.480184
-14.095738 10.967598
6.258486 -2.913964
11.191312 11.828781
1.639959 10.708706
14.074964 14.370278
-6.012970 1.894419
-2.968168 4.116574
-6.590248 -4.444329
-11.321225 -7.337105
13.835213 2.776579
9.489635 -10.656307
-14.054290 6.718614
-8.058037 -0.988966
11.554339 13.685741
-1.403896 1.355739
-11.952073 4.430196
-13.559561 5.747619
0.128266 -8.928511
-7.777315 -11.157861
5.791858 -3.832830
2.134253 -11.224526
-9.764260 -4.607486
-1.069516 -11.610257
-3.662935 6.001018
2.542513 -4.889608
-14.979842 7.195571
-4.780269 -5.505481
3.481652 10.282330
11.797281 -6.089239
-9.820564 -12.257410
1.949293 2.272813
9.978806 -6.215445
6.991196 13.936113
11.654424 7.586080
-9.036206 -0.725183
-5.181609 -7.510764
12.147897 -1.430706
5.380331 -14.830413
5.228108 2.445249
-4.962361 9.955402
12.091580 0.390662
-4.868847 -8.696899
8.841770 -12.565021
4.714623 -11.552157
10.907072 14.814898
-7.975740 5.289331
-0.023303 -1.346245
4.186237 -9.709639
11.345887 -3.994543
10.516294 -9.819054
-12.901736 9.592268
-9.285338 -5.561781
-8.048715 -9.515653
-11.500775 7.642578
1.501937 6.712907
6.704155 -1.693838
-3.525000 3.055813
-4.996652 2.618396
-14.490066 -8.563393
1.955204 3.279063
-8.311096 -14.526609
8.086094 -13.699709
14.836020 2.160091
-7.586223 9.871635
-13.073017 1.781937
-8.020650 -8.346189
5.789004 -11.251384
8.480377 -10.839818
-2.450219 6.735847
14.497529 8.107770
9.068994 10.586438
-5.689769 6.833211
-9.621406 14.946339
1.560219 -2.229713
9.649585 -14.881069
12.277213 11.718098
-6.558820 14.787511
0.768970 -10.146919
-1.397631 -14.363190
9.827570 12.615390
-10.406427 -5.596134
-2.263969 -14.882943
14.346043 11.001910
-13.589243 -12.321188
8.702702 2.999738
-0.231051 -10.077181
-11.443158 -12.537974
-6.407533 10.167609
-10.647999 1.391053
-14.297830 4.925846
-7.361828 3.672276
-11.603357 -1.992917
5.167153 -7.454971
-13.259674 3.298323
-0.167769 -7.836479
-6.749667 7.465280
-8.711110 0.384573
-7.049829 13.679047
8.162590 0.261342
-3.435742 -9.761822
11.475983 -5.132841
-4.025293 4.879486
-6.067543 -10.796149
-3.596007 8.108027
-3.543722 11.297794
-2.767547 -3.684107
4.619947 -3.088854
-6.283873 11.697324
13.173739 -2.368455
-13.777453 -13.305838
-12.392653 -6.981517
-14.027054 -14.525882
-14.782784 -0.088269
0.475028 10.298725
3.419460 -4.397532
-11.889341 -11.410502
-12.881695 -1.843090
-7.769920 7.885384
7.171309 -14.160724
3.377243 -8.044643
5.601181 -13.055694
-2.097932 2.331663
-14.752670 13.007865
2.725061 1.530745
-1.370740 -9.538337
-4.081367 -0.795027
0.245288 -4.610057
-5.287625 -1.513720
-5.601527 10.800832
13.652517 8.675921
5.423953 7.313695
-4.628596 14.058394
-3.446235 10.131881
-9.160740 10.661980
6.540328 14.951100
0.791421 0.872273
