12.790192 14.986662
6.386687 -5.492032
10.729499 -3.876778
6.072939 -6.614158
-4.313334 3.602424
2.481802 -0.342330
-2.294566 1.951272
-9.242489 8.348962
7.371579 -13.435166
3.027156 -7.546635
5.986927 -9.938497
-11.261788 -12.509076
-12.044707 -13.240185
12.642630 9.775458
7.253432 13.999815
7.086159 8.101449
13.622735 10.139776
-5.705302 -9.020220
-13.351541 6.742180
5.993924 -14.309661
-2.405774 -8.371888
-12.035469 -4.172459
-14.795555 0.047763
-10.474243 8.688814
7.817486 -1.799325
14.093585 7.490753
14.061979 11.608371
-12.692253 13.826146
8.632402 9.508809
7.104436 -10.614433
8.612641 -3.621109
-11.346680 -1.793817
-10.188870 -7.488055
-8.315197 -6.410242
10.451896 3.262096
14.290053 -10.202613
1.799525 4.231411
2.028243 -5.439522
12.095184 -13.165760
-9.978945 9.617092
9.415047 13.701720
-10.060512 1.989691
10.151905 -6.091452
8.215571 14.855047
-4.486900 6.937005
4.097371 2.712777
5.461166 -0.418054
-4.810247 5.948781
10.190263 1.262091
7.211100 -14.472961
-9.286555 -0.453856
9.063370 -6.867676
8.552365 4.653409
-12.854114 1.253809
3.164223 3.725853
-2.860043 -9.324324
-0.399486 7.192983
8.568570 -12.985666
-13.689957 -7.682191
-2.669374 6.692560
-14.016132 3.301896
10.666790 10.471827
14.507214 5.216597
12.962727 -2.974967
11.836540 -14.330880
10.293657 12.902211
-2.747254 9.433258
-7.367533 3.417386
-13.613946 -2.859476
-6.935574 8.456856
-0.663754 -4.797933
8.642286 -0.614841
-0.498994 5.487373
14.355149 -1.118216
13.912302 14.579333
7.059578 -6.939815
-6.374797 3.905877
10.471411 -4.973800
12.877196 10.852108
4.186407 -8.953214
-12.583757 -2.442773
9.722426 4.078766
-0.661566 -10.141037
-5.194733 14.473605
9.791174 9.467590
-12.905669 4.442557
-5.321275 -10.063406
-12.376695 -14.272214
-0.131583 3.151614
-14.294941 -4.954581
4.109093 -5.369145
-6.051906 1.370557
-4.699845 -5.397920
3.624262 -3.173099
13.027670 4.825694
3.912172 -13.235505
-8.546545 -11.732471
12.693720 -8.773385
12.465559 -10.920246
-6.006853 7.875349
5.442203 3.479201
-1.669523 -1.283413
3.778455 8.643252
-2.960766 -10.890366
-6.934477 -2.449806
10.876817 -7.928026
8.341721 -11.638787
9.253919 11.834470
11.972584 3.061719
-7.218419 -8.961022
11.978927 -3.582549
0.711144 6.092878
10.500005 -10.648937
-14.157342 9.104499
-7.223269 -6.929384
14.308894 -3.402408
-14.150601 12.620954
14.889578 9.573945
-13.536708 0.384099
-9.242039 -8.120613
-6.866433 -4.554320
0.251223 8.018249
1.281175 14.443648
8.557504 -5.643478
6.328021 -8.897667
7.269403 1.456345
-9.784026 3.967041
12.921062 3.580695
12.250039 -6.560800
-12.225626 6.744485
-0.288292 1.712548
-5.736381 -0.701716
1.117786 -14.473235
-14.850822 13.527222
6.368369 6.233108
-7.833043 -10.384215
12.689045 0.631939
1.796257 -4.401982
-0.661725 13.364273
10.446002 6.037657
13.605754 1.189534
-13.473652 11.681354
-11.587592 -3.158539
-10.562150 -0.519913
-8.039105 8.695706
-6.247974 -14.400814
-10.955199 -3.980387
-8.879817 14.398236
3.662691 -10.606236
10.551206 0.209839
-13.398037 5.713994
-6.664227 -9.816303
8.973382 0.372388
-4.567311 -13.555799
12.641382 -4.333682
-6.217655 -8.133407
0.165813 -11.871367
10.864741 -13.492658
11.183099 -2.790673
7.889955 3.728706
-4.928269 10.626311
3.126243 -9.630767
-8.412815 -7.431407
7.778322 -9.630467
-3.959058 14.502046
-7.923389 13.922317
-5.751215 5.226096
1.258923 10.344995
14.750527 -11.391977
-7.165292 2.055380
3.423233 -1.251636
-13.153330 2.505260
6.969293 -11.648166
13.674349 -13.187350
13.070889 13.548410
-3.751682 -12.810848
13.116272 -10.076021
1.037497 -6.106835
-5.724222 13.618085
-11.621218 3.236584
11.843613 7.866450
6.570410 -7.820635
-13.613558 -5.776524
-10.777198 -6.546258
-2.537657 -4.798216
-1.183983 -2.221899
14.249944 0.378485
9.543262 -8.584082
-9.465503 -6.575689
-8.806275 -10.615791
-2.345827 3.743943
-4.563624 9.637749
-4.081070 -10.272666
-11.564911 1.232903
-9.028061 1.784399
5.294187 5.820083
-12.787656 -3.455706
7.522423 -5.653552
7.248661 -0.234062
-12.025920 8.770943
-9.691348 13.600580
6.759096 -1.361570
9.934259 -11.784594
-7.533226 -12.096633
-6.892921 5.883717
-10.728656 -11.051309
6.480272 14.812798
-1.073877 6.426390
-3.428203 -8.322322
-13.658349 -1.741055
9.805530 8.440567
-1.021970 -6.569908
13.820718 4.149569
-13.727612 13.903260
0.773536 9.254855
-12.438109 -1.419177
2.340862 10.105184
-4.758198 -3.757691
5.324560 -7.919436
7.406465 5.175300
-13.178968 -0.733121
1.004908 3.536918
-3.607899 9.950665
10.484897 7.285533
-13.596248 8.021903
-5.264619 -11.104796
4.252446 11.372852
14.648979 -12.498675
-14.418979 -0.987025
-11.366216 -7.892785
-8.949404 -4.950317
-7.769807 7.713887
-0.029875 -4.018667
-3.736372 8.956719
2.161603 -14.763107
-11.677043 12.997613
-8.842620 -1.408368
8.673131 2.992040
5.131157 -5.697814
11.563079 1.292093
-10.729260 11.885202
6.578673 -2.489564
-3.130302 13.900554
2.832509 12.532325
-3.747348 6.175213
3.039498 5.780787
-7.736924 6.538190
11.826985 13.514760
-9.393840 -2.376905
-8.165137 -14.868215
13.715985 2.928017
13.277004 -6.064817
-2.023722 -7.139516
6.645991 0.635718
-7.014626 12.024010
3.786481 -6.462868
0.765560 -4.970974
-1.330866 0.998808
-14.316468 7.097669
-12.137800 -8.546931
-5.543081 -2.671278
9.469594 14.738119
-2.556042 -5.844964
-8.556435 -3.948319
-10.980616 6.635670
11.407599 6.864411
10.868738 8.432026
-0.864909 -3.391063
-7.540013 -13.976450
-5.932313 11.499454
-14.878537 8.008114
1.688776 -8.321879
12.837417 -1.563273
-0.715514 8.654585
-12.275132 -7.396784
2.117301 0.589764
2.177916 -9.196710
14.148673 13.592139
-14.010119 14.863726
9.691207 2.545931
-11.758724 -10.837190
5.260980 -8.937479
-2.356185 -2.191753
7.515486 -3.713616
9.864187 5.203750
2.963411 2.722982
-6.353342 -1.523193
7.569288 9.129806
-11.130782 0.328880
3.849499 1.585359
8.888931 -9.694409
11.259137 -6.978228
2.180386 -3.260702
-8.980418 5.916690
12.443640 -12.054426
-9.716968 11.365214
5.650250 14.125056
10.731760 -12.471836
8.136195 -10.615293
-9.048107 7.003405
-10.597623 13.147394
2.663105 -10.576776
6.061510 1.671079
14.806987 -9.249773
-4.193276 -0.612100
-3.089103 -7.368195
13.008752 -14.000282
8.256081 13.692505
4.728083 7.843771
-9.688624 12.386281
11.840371 10.400204
-6.953778 -0.677425
5.192245 -13.608051
13.587565 -10.999132
5.840496 -4.640769
1.327952 8.201690
-11.051507 -13.487607
-14.449480 2.398007
-1.486586 4.449019
-6.038546 -5.718314
5.155861 2.365446
-3.401656 1.642774
-11.600632 -0.590323
-3.440350 -2.591158
-14.418089 -9.945842
-1.793707 0.021927
2.347349 -6.581308
11.268184 -8.948111
7.374424 -8.504433
13.647381 -2.169653
-14.304613 -8.621001
14.972860 -2.185584
14.946258 -5.606197
-14.500983 5.635267
-4.063300 12.385699
-7.886093 5.227131
6.643717 10.203828
-11.276573 7.917330
-6.361064 -11.124092
-9.767946 -14.946123
5.289452 10.143457
2.608416 4.858967
12.962481 8.518282
4.316646 9.821334
12.974860 -7.570592
3.032003 -2.179023
11.935937 -7.854326
1.072325 11.352985
-10.441506 3.031813
-10.615820 14.403984
4.088031 -2.000265
1.104368 7.026350
-5.956054 6.670916
8.007536 -6.528353
-14.138578 -12.255376
4.253089 -0.552455
-8.779603 12.994384
4.887101 13.193962
-12.617812 3.407795
11.444917 -1.231413
-0.370043 4.407468
7.799511 12.663861
-2.340252 -3.328271
-12.099061 9.860030
-4.210791 2.376025
-2.968418 -13.490904
10.799691 4.380722
3.179286 9.534788
-1.663212 -9.214163
4.422861 6.774743
6.942760 11.253782
0.209701 -8.432954
-9.739225 -13.763821
-5.370636 3.867278
-5.318535 -1.637399
-13.075447 -8.905550
-11.096379 10.233318
10.271419 -9.398445
-4.993604 -6.390161
-11.094334 -5.171821
10.006015 -14.223570
0.961853 -1.843251
9.887849 -0.668639
0.413376 -13.678031
4.765790 -7.037378
-9.915706 6.437717
10.861000 14.081762
-5.685725 9.575542
-14.786916 -14.113246
-8.601977 -13.954422
-12.277692 -9.545422
-14.656722 -3.258459
-2.816074 -12.371378
-0.902927 10.709261
8.328478 8.232222
6.198777 -13.088723
3.405804 14.542207
-6.323561 0.223295
-10.873135 -9.915581
-4.726151 11.630488
0.845584 13.304740
-9.938378 -4.530733
-13.232076 -12.750222
-4.018818 -6.682438
14.804827 6.555007
1.465123 5.393654
0.874106 -7.667852
-3.628870 -14.276364
4.292963 0.454902
7.987758 -7.619316
-7.702004 -3.362026
-9.033975 -12.992607
13.633002 -12.042448
14.703215 -4.515532
-11.685649 14.235201
-2.503508 0.836356
0.186278 10.262121
-1.095082 2.417690
7.954919 -2.794900
-10.473308 -2.682133
1.948082 6.275740
13.749632 12.647523
-12.339846 0.201878
9.510579 -2.622738
9.018480 5.850709
-2.840844 5.600868
-4.003116 -4.562559
-2.644125 12.734588
8.119017 -4.524534
-0.442409 0.377335
0.935228 -12.522307
-1.938930 14.079484
-1.782017 7.173968
6.597243 12.303499
-6.231509 14.493006
8.252025 2.002777
2.727619 -12.639633
-8.524624 0.739629
-6.129261 12.672270
4.848702 -3.362670
8.831847 12.763517
-14.083601 -13.386593
-12.898315 14.808363
0.444564 -0.685422
-12.121277 -5.190425
-3.925317 0.647907
14.999967 14.666616
-1.591156 -5.355715
-3.738021 10.979442
-7.837682 9.714949
12.124872 -2.403063
-12.753619 -10.711853
4.024336 -7.728874
-0.723300 -11.312109
-13.220997 9.599938
4.408584 14.140201
-4.466431 -9.214673
5.061450 4.843361
-10.026136 -5.561632
9.671210 -3.615831
6.002783 13.181409
-7.761438 -1.384423
5.444653 -2.404547
-13.179070 -11.622189
-1.536495 -4.239821
14.976004 4.219331
-10.122468 -1.556788
-11.199870 2.325427
-1.779868 5.580399
-6.009200 -12.209480
-5.166053 -7.693338
3.255158 11.090357
11.130152 -11.502380
6.304642 8.975834
-9.677553 -9.155905
6.891560 -4.569564
-4.981210 -12.084922
-3.795017 -11.587138
-6.809322 9.550966
2.179669 -1.615886
8.149909 0.956542
11.723808 5.698128
-8.969892 4.886747
5.566211 0.747862
-5.672634 -13.466120
-8.083776 2.548033
9.409931 -10.873727
-13.460840 -14.252186
2.140535 7.355718
-0.471509 -7.653419
9.251228 1.622331
2.715352 1.741753
-6.449636 2.832515
-5.114175 12.776740
-13.177253 12.858388
3.081722 -5.284234
5.754852 11.256416
-0.686892 -14.237695
-10.805623 -8.740696
-2.675005 11.514671
5.583203 6.985505
2.263829 11.277118
-14.678391 11.517514
11.838558 14.558213
-7.254093 -7.947105
10.834583 -14.857172
12.765871 1.761558
6.772578 7.148678
5.866642 -11.335060
8.981321 -1.648803
-0.075305 11.284819
3.859230 -14.417814
-13.022361 -4.652644
4.916222 -1.333086
-14.762554 10.519945
8.153318 11.563165
-10.047207 -12.539748
14.718540 3.136245
11.321971 -5.839633
-1.629592 12.826803
12.718871 6.414967
-5.078809 0.177280
-2.652951 -0.532314
2.767554 -13.859467
-0.045318 14.916223
-8.039570 -13.100397
11.494543 12.404834
13.617838 -0.419019
-9.786136 -11.519323
-6.797125 7.249590
3.043090 6.901381
-1.355621 11.729759
-1.713889 10.070506
11.655302 -4.630900
-0.071108 -1.700020
11.931471 4.303735
-5.080796 8.702611
0.214541 -10.792386
3.455087 13.525092
7.410797 2.785382
-8.993785 10.614231
-3.707649 -3.575915
5.031005 12.121320
-3.188140 4.426139
-8.391986 3.797560
0.118405 -2.840799
9.093392 7.573811
-3.649281 -5.542388
6.823779 4.169506
4.852494 -11.461915
14.759047 -8.118290
3.936530 12.450156
-6.113511 -6.901390
12.399047 -5.448526
1.711085 1.668058
12.469396 -0.360610
5.103869 -14.826305
-13.093096 -6.643029
-6.486054 -3.484383
-12.091369 5.083434
7.483387 6.190355
-9.908765 -10.246688
-10.064828 0.464645
-14.341915 -6.537647
4.233969 3.747918
5.164262 8.985220
-4.194560 5.143622
2.113809 -11.833223
-1.924393 -13.613719
11.513044 -10.511756
-7.980626 10.869741
-3.115799 7.941017
-4.502651 -2.782365
-13.336382 -9.895285
-7.249701 0.930853
-1.656410 -14.610704
-12.500125 7.716618
-10.015183 5.393043
7.880316 7.225892
-0.602301 -13.234883
-2.085602 8.387244
-12.535992 10.855637
-2.170696 -10.142680
12.796048 7.501386
4.351832 -4.234893
-13.953420 4.575216
-10.148984 7.628174
-6.827274 10.880056
-3.272964 -1.570892
-6.911447 13.444021
0.698819 1.005842
9.597411 6.675734
6.294065 2.830704
3.855199 4.768347
-8.176135 -8.443385
-1.123791 3.452543
13.823942 6.245130
-7.096258 -14.999197
9.464770 -5.085758
-11.507446 11.148039
4.349593 -12.330311
2.081786 13.441203
14.057332 -6.715455
0.733226 2.384746
-13.592174 10.560742
4.129942 5.781940
-8.843630 9.346633
-1.196426 -12.330238
10.601014 11.877576
-2.004721 -11.731079
3.264364 0.564945
2.579468 8.437568
-12.261041 11.989967
0.544353 12.316995
-7.903414 -4.860716
-13.870152 -3.992508
3.259949 -4.214305
-4.267897 -1.799442
7.647485 -12.409832
-1.036091 14.530847
-10.946230 -14.485242
14.247417 8.701103
0.054045 -5.700566
10.409505 -1.735823
11.995999 11.471215
1.206708 -9.688453
7.686109 10.184223
12.130050 -9.658113
12.594100 12.669071
-2.690077 10.433452
3.430485 -11.783579
8.678114 -14.125432
-11.342404 4.405285
6.248538 -3.484713
6.363777 5.081645
-11.130207 5.590561
-4.212961 13.523042
1.810337 2.686585
10.864299 2.271913
0.113892 -6.786630
13.679175 -9.188696
-8.382929 -9.487889
1.887713 9.177604
-8.371606 -2.469057
-9.203499 3.112415
0.193052 -9.537533
5.391630 -12.366166
-5.176160 -14.412564
3.282117 -8.513698
-5.398657 2.629403
9.886299 -7.610196
13.652366 -4.765174
-12.128236 -11.860464
-7.076821 -5.886525
-2.764996 -14.915028
-6.962455 4.842616
1.559758 -0.758406
8.790917 10.635536
-5.603077 -4.721579
5.787065 8.007830
9.821168 -13.183538
-14.214080 -11.179397
-4.825767 1.450761
-11.805795 -6.159487
1.399225 -10.785097
1.096331 -3.139509
14.751717 12.465725
0.484775 5.035637
-8.703173 11.965847
-12.185461 2.104493
11.569687 0.080900
-9.575407 -3.412328
-0.746499 -8.809126
8.436267 -8.721775
14.467545 2.136600
-4.331935 8.008605
4.628382 -10.344414
1.658377 12.377378
10.920128 9.497190
-13.926886 1.323223
-3.154567 3.018431
1.770949 -13.531903
-7.718953 12.774345
11.788879 8.993723
-6.917482 -13.162019
-0.750467 9.684398
-0.778802 -0.611650
14.069044 -14.289940
-8.240707 -0.262663
