11.343643 -0.283555
-7.613705 14.258146
-13.388312 0.443772
-2.457226 -4.861079
-3.860542 9.449231
-10.662319 -8.263500
0.734461 4.117249
-11.681023 -0.628271
-12.337172 7.241764
-3.650957 -10.878754
8.346466 0.795968
13.625910 11.511185
1.873104 -5.469967
-5.884381 -6.915883
2.958875 0.922053
0.189602 5.338737
-13.504297 2.749181
-9.771218 -6.136104
-9.957289 -4.124193
-5.884639 -11.559711
-2.366767 9.605121
-8.850624 11.364226
9.766107 -9.360248
-2.233519 -14.592328
4.387435 -6.301183
3.910448 -2.372423
-2.236648 2.580678
-9.695432 2.153589
-14.404181 -5.057127
13.403463 0.640669
-9.457961 -0.713771
2.284884 -6.442423
5.680979 6.730857
3.796795 4.811943
-13.134261 11.426788
13.059883 9.591605
8.152625 -3.099454
10.224774 1.379659
9.652063 10.837155
-13.174412 -11.172011
-11.846858 -14.478009
11.243444 0.838614
3.610441 -13.272015
6.219307 1.510976
3.785233 2.815770
11.716131 -8.759241
2.960345 -7.618893
6.870964 2.409613
3.640229 10.488825
-2.997457 -12.941002
-6.047788 -2.672566
-12.508583 -2.840165
6.964302 12.821798
0.263360 13.335479
13.280576 -13.467279
-10.227398 -7.202747
-6.620952 -13.883309
-0.376649 3.706251
-12.428292 10.488832
-6.810549 -10.283355
10.454821 -5.781926
1.567535 3.535572
-6.640976 -12.402898
4.962950 -1.834813
-10.551160 -3.013406
-0.384409 10.314652
12.892603 -12.093839
2.910064 -2.012403
7.017474 -11.019266
1.015151 -14.231567
-10.336258 10.836415
6.379660 -14.767951
9.205396 5.435360
9.691723 -4.426729
-2.863783 13.949900
2.590845 13.585703
-10.347317 6.597732
-5.106530 5.488152
-8.018853 7.251538
12.665644 -6.714817
7.296877 0.923053
-11.022182 -6.525567
2.359202 -4.573447
12.858630 -2.088876
-8.190569 -9.087629
-1.789673 -11.353519
-9.497403 -12.770684
9.366474 -7.345905
-5.859583 1.675955
-1.738458 -5.558384
-10.767959 8.835831
-6.605293 -6.111733
-1.497955 8.759188
-6.092209 5.319036
-6.951156 12.361547
11.066920 -4.344054
2.039073 -14.426514
-10.978717 -4.359569
-3.808629 6.922488
-1.654671 1.745032
7.716197 -4.051137
11.946862 12.812120
-9.101383 1.162224
-11.289042 -2.328215
14.701179 6.360249
8.792358 -12.001356
-5.553879 -0.519899
13.897995 -9.611858
-9.044115 4.896681
-6.906691 -9.036183
-1.573909 3.408499
-3.154070 -6.168504
11.447988 14.920001
-10.568833 1.117253
-0.793079 -11.704452
0.175347 -11.203604
-14.406872 -1.235514
2.199856 12.452042
-3.535122 -5.203765
13.717810 -4.425432
8.056046 1.788358
-2.206947 5.308784
10.833568 -9.277052
-6.605783 3.987621
2.885909 9.759927
5.018733 3.671873
10.224828 -10.488622
-3.386302 -9.788829
13.284502 13.290619
10.263127 6.727747
-2.488316 -10.465914
-11.469843 -7.584867
-5.321591 13.239080
8.535312 14.085480
-4.618219 1.618769
-12.148852 -11.256646
-9.549622 -5.123723
-0.583533 2.631332
-8.500897 -2.632640
-10.248689 7.690583
-8.668752 -6.158522
14.658673 -3.226893
4.593292 -13.646885
-10.896194 -10.637239
-14.424840 1.089718
8.418145 8.618645
12.034457 13.830487
-10.671716 0.051093
-2.121752 -0.718482
-10.309390 9.743741
10.126652 -8.425022
-0.654896 13.957060
11.768781 -2.293748
-10.306281 13.756248
13.149959 3.039586
7.029618 -12.092824
-14.716790 9.074731
-0.446091 7.186088
-11.752631 -12.557228
-5.875341 -7.944595
-5.109814 10.984926
-11.309992 14.498279
-9.207751 7.006796
7.503252 -10.024254
8.035093 -12.956989
-3.018356 6.029478
-1.646313 10.893000
10.269654 -3.596824
-6.856938 6.660019
5.468915 -7.992951
4.206059 0.809891
3.781717 -1.338827
-14.578903 5.556659
-14.751534 10.185578
-11.997158 4.079719
-3.773097 -12.243256
-6.818725 11.292778
-3.232598 -8.656384
-11.380675 10.638581
0.634098 14.393309
-9.336196 -8.480702
14.610711 -0.960893
5.553109 5.701258
-9.598046 14.773934
2.686796 -8.635946
-4.895002 2.644653
11.732026 -5.611337
-5.185218 8.485519
-12.275589 -10.241678
0.437974 8.047454
11.134805 -13.507149
9.623118 -1.043349
-8.192438 -12.385093
3.539162 7.998735
-3.130302 -0.213331
13.625133 10.430783
-14.796407 -9.532576
-13.460743 -7.728201
1.865820 -7.835523
0.854574 -7.442716
-14.466146 7.953123
6.455472 4.874404
-5.941979 12.209857
-8.784780 14.091208
-7.558841 -1.821222
-8.114849 -0.660944
7.926890 9.533164
2.497111 5.315543
14.795043 13.957577
12.676139 -4.762465
-6.760457 -0.750287
6.089075 -11.611910
2.523310 1.919211
3.138112 -0.083648
1.297961 -11.475613
10.290041 0.246615
14.399613 1.645252
-14.251564 -11.741434
-1.299971 -9.769694
-2.747971 -11.643213
6.340973 7.489299
6.888197 9.802127
0.227029 -0.238957
12.080713 -1.253509
-12.771553 -12.482963
3.378733 5.912009
14.583218 -4.993645
3.350694 12.628840
14.355471 9.658119
-2.289024 -6.916240
12.531931 10.635827
-10.666626 -14.667257
-5.005455 -3.087605
-14.811863 3.502939
14.246279 5.302338
11.965119 11.492779
-13.334642 7.608755
8.796093 10.114540
10.451109 10.083166
12.869900 12.292358
-7.496451 3.520394
-9.646907 5.815461
-3.211278 3.363346
9.138496 0.158481
7.324534 -6.883821
1.069739 -4.373162
-4.972546 -14.162925
10.021953 8.000412
-12.022147 -4.943141
-14.433077 6.928283
-12.311050 -6.105981
12.663917 7.546116
-2.756817 10.752712
10.300379 14.421684
-8.350670 5.677930
-4.880541 7.448993
4.202337 -7.378669
-2.785885 1.566049
2.330421 -11.251148
14.045496 12.446103
-13.470995 -2.010661
-8.544419 -5.041912
2.588932 -9.753927
-12.777639 9.313200
-7.681661 -8.203605
-13.678218 8.619254
-13.340090 -5.159420
14.547403 8.382244
-12.459059 8.343937
4.065989 8.922999
-0.757404 -10.697789
8.418588 -0.875602
10.470309 -14.454533
4.855149 -4.178871
-1.308952 -13.804194
1.260927 1.182792
1.076330 -2.054031
-7.454548 -3.076276
-7.800833 4.614457
-11.414946 13.502874
5.161413 1.555899
11.493434 5.165067
4.961215 12.047896
7.575875 11.945191
-12.437595 -7.162075
13.531037 -7.271132
3.736909 1.725387
-6.692966 2.402982
12.655622 -10.061603
3.051788 14.522197
-4.264575 -14.932580
12.520898 6.255021
-13.829093 -12.654754
-10.823980 4.037309
14.131705 -6.058386
14.448811 -14.875220
10.759537 -1.459347
1.159315 -13.074285
-0.142235 9.269426
-13.502738 -6.162634
14.562544 11.070981
-1.693896 7.557542
14.437207 -11.679855
4.743993 -0.610878
4.372505 14.760530
14.850355 -7.924706
2.794155 3.001285
-8.557323 -14.675282
-4.307868 12.297459
-11.454979 3.158991
13.994724 -8.518907
-4.269043 -3.831902
-9.514108 -2.328183
-10.112317 -11.553286
-12.737518 14.763773
-8.957664 -9.740614
-2.301530 4.226638
11.787176 -11.851710
14.936284 12.938586
-2.444906 -8.039852
1.493719 -0.866932
6.071509 3.895480
0.455842 11.199287
8.481341 -5.256846
-11.026215 5.825813
8.557292 11.491213
-9.524391 -10.660491
4.205407 11.392910
-11.142444 -11.750789
10.899711 -7.704997
-2.825773 8.554595
-14.696424 -4.067396
4.030733 3.833343
-4.668804 -6.010956
8.027571 -11.338847
-5.685749 -13.266180
13.098404 4.189162
6.829262 -9.176213
-8.764197 0.131249
-14.555260 0.051145
6.332371 8.664351
-0.971480 -6.323796
3.824625 -9.389211
3.067219 11.539300
11.000438 11.192723
0.417807 1.933901
9.256799 -14.827260
7.967037 6.917398
8.064410 3.347527
-7.780079 13.091197
3.206205 -6.025717
-13.264522 -0.643379
5.830015 -1.081382
9.639766 9.191139
12.256242 0.807079
-3.971890 -2.863520
9.748551 13.261254
5.218016 0.361413
3.759207 13.762639
3.599857 6.900650
0.004335 -6.903830
4.124967 -3.493941
1.355461 2.553732
-3.770514 2.335779
8.899173 -13.854361
-7.082278 1.331901
-6.525172 13.545924
-1.987202 -12.510047
4.346131 -11.779609
12.921084 -5.739629
11.504209 3.993439
-1.356737 9.802134
5.404687 -14.525964
-14.116288 -8.755718
-0.493609 -3.494708
-13.014534 -8.812989
-6.268144 9.243995
-5.614674 -9.500020
8.724035 -1.885235
-3.729224 0.849271
12.606347 -11.101795
-6.068708 0.450768
-11.454316 -9.607712
11.954435 -3.585281
-3.004662 -1.273071
-4.739942 -12.605095
13.339175 -14.540788
-13.682971 3.853743
-4.283477 -0.679742
-8.104000 1.648378
-12.237928 2.024121
10.755115 -2.533478
-5.927441 7.481114
-4.371772 3.501129
1.642427 -3.544368
0.273192 -1.281422
12.650064 -0.126336
-13.987592 13.102745
11.511939 7.371618
5.163817 -7.025683
4.378371 -5.066134
-11.413963 7.833496
-1.322394 -2.756599
-4.793175 -4.974168
14.675740 -6.929285
10.007666 -11.794317
-9.547383 13.028628
2.000669 -2.516615
14.385968 -2.220035
-7.249195 9.533446
-11.338774 -13.476531
-6.552627 -1.806141
-3.765736 8.039482
2.555595 7.579946
-3.919400 -1.789084
1.128533 -9.482942
5.984926 12.131280
8.700238 -10.118910
-4.381526 -9.014102
9.410334 3.650106
-7.682923 -13.385778
-10.780297 -1.245385
1.476644 13.153121
-10.540933 12.737486
-0.476972 -9.127662
-14.013626 14.266662
0.257608 -12.283000
8.314268 -6.327469
6.244242 -7.291682
10.224329 -6.785588
5.702864 -8.998779
-5.872503 6.308836
5.157874 8.380606
14.119878 7.392178
14.321244 4.292640
0.814328 -5.484737
-4.318284 4.671834
-8.914381 -13.596755
-6.512534 14.953293
-7.259746 5.626940
-1.009626 -4.561808
-6.064589 10.532705
10.733047 9.088053
-3.035389 -2.512017
12.683766 8.626692
-1.880492 11.918626
-4.063296 -7.948295
11.336834 6.248067
-13.268163 1.656915
14.289255 3.057245
13.473030 14.357697
6.554068 -5.934628
7.620959 10.674426
-8.440547 -3.908003
8.377225 12.819097
5.644191 -13.302286
8.761890 2.595026
9.632401 12.161482
-8.653247 12.465168
11.701865 8.395676
-13.518233 6.301301
-1.681632 6.519391
-6.481480 -3.657559
-0.341136 -14.290497
1.856907 9.832536
7.450136 7.993818
6.765154 -4.373471
-11.657405 -3.534084
-0.542311 1.430795
0.048541 -13.264227
-11.057231 11.793949
-2.855292 7.353542
-14.554416 -6.092947
-5.156322 -1.725943
8.268661 5.955364
5.246163 4.691384
6.153091 -10.059476
-10.495619 -12.604667
-11.107001 2.068726
-3.970420 10.995103
-10.636687 -5.310489
-14.901967 -12.554591
3.293025 -10.766859
-7.495367 -4.406798
10.654472 12.191911
7.370196 -0.632098
3.133843 -3.302477
-7.762221 -7.161775
5.632079 9.616534
0.449889 6.438348
-9.265618 -3.334804
-6.793109 -7.429841
-9.396499 8.372946
2.669688 8.626755
-11.730077 1.073460
-1.248531 4.919527
7.063404 -8.126633
3.295513 -11.796507
-2.298692 -9.388276
-4.758006 6.442580
-3.250199 -3.727387
-1.463843 -8.510544
5.872399 -3.823964
7.811228 5.005166
-14.482914 2.189297
-7.678884 -5.678801
1.618805 4.637444
3.064666 -14.332045
6.694600 -1.691393
-13.747134 9.743280
12.462800 14.926584
7.520856 13.656724
14.594671 -10.367857
-8.776042 -11.519895
-3.189515 11.961545
9.981827 4.608309
-1.671441 13.311061
-0.401676 -5.486352
0.022272 -4.479270
5.194515 -11.054211
1.646198 14.410650
-0.776644 5.992784
12.141265 -7.715839
-1.183225 -7.472272
-0.399966 -8.100544
5.242296 -5.776069
13.581701 -10.748174
4.672859 13.079316
-7.287305 -11.336928
-0.848995 -12.721748
-9.886960 11.775298
-2.590308 12.776891
8.168975 -7.559979
-10.211072 -13.727008
9.023455 7.793000
-4.193422 -13.495870
5.910820 2.828388
-9.348061 9.381120
4.511321 9.992501
-7.900173 10.341815
3.656352 -8.364311
9.340991 -6.126410
-5.418178 3.840678
6.362734 0.265905
-6.991569 8.472393
12.223027 -12.879570
13.322990 1.862580
1.306511 5.634034
-3.232027 14.920314
13.060251 5.324067
7.151977 4.153738
0.103258 12.294089
7.173734 5.986964
-12.389489 6.193852
0.494533 -2.979585
8.727884 -4.109120
-5.629598 -10.566409
-3.988426 5.640704
-8.909053 2.923087
-8.977451 -7.319793
9.299323 -3.214148
2.526613 -13.461758
-12.056168 11.526222
9.925670 -12.964996
11.493415 -10.386896
13.446308 6.646167
-5.740537 -5.592258
1.526328 6.895598
6.937459 -2.974673
-8.160375 8.469116
10.848630 -12.416124
-14.529064 4.467396
11.893082 1.770218
0.839434 -8.476123
11.562489 10.361799
-14.376066 -10.747476
14.453193 -13.367999
-3.297375 -13.995851
1.147144 12.099117
-11.912212 -8.489082
0.451648 3.117206
3.499261 -4.322832
-12.409827 0.074430
-10.121026 -9.597890
10.425892 3.285557
11.439721 -6.779418
-14.365143 -14.412767
9.972410 2.362404
1.202975 -6.414946
1.525727 0.209391
5.797833 -4.900334
-11.766998 9.671176
-7.543361 -14.506819
13.404890 -0.957532
-10.103844 4.891979
-12.803906 13.660469
-12.476564 3.024898
-5.443024 14.933038
0.619668 9.944555
9.801769 -2.141610
5.316360 -12.252175
5.099021 14.048340
11.946862 9.437165
-4.913498 0.660748
-4.158815 -6.874613
9.230915 6.455290
5.091245 -3.020710
6.511976 14.198600
-1.169426 -1.696031
-0.976674 12.415107
-6.562308 -5.004686
-13.538158 -3.134674
2.479868 6.582553
6.182003 10.636985
-5.227043 9.562522
-13.576947 -4.180461
4.917647 -10.091780
-8.775099 -1.575488
9.260904 -11.036974
7.420292 -5.372839
5.964113 -2.520480
-10.232305 3.119887
4.895592 2.633020
12.347616 -13.923932
-2.165295 -1.934197
-9.298965 10.390575
12.797099 -8.868009
-4.643381 13.977273
-2.120293 0.782059
1.538519 8.080189
-7.774512 11.725331
5.736649 13.147942
8.558148 4.306755
-4.816505 -11.400347
10.890966 -11.249874
-14.364304 -7.291016
10.815743 13.413404
-0.638246 -0.842646
-3.241571 -7.336612
1.063190 9.026437
-3.267581 4.918038
-4.443869 -10.164481
9.120094 1.534837
-3.734412 13.402538
7.911882 -9.029360
-1.162961 -14.949319
-5.593413 -4.294440
-7.174635 0.286539
-12.549453 -4.017200
2.079041 -12.359658
4.492726 6.199274
7.846095 -14.047711
10.416295 5.638117
1.594899 10.992303
5.146075 10.981635
13.140150 -3.288842
-12.219027 -1.695549
-8.261396 -10.649224
7.441046 14.949757
-0.601301 8.236554
-12.564105 12.388985
7.696197 -2.091595
-13.896042 10.743288
-13.447175 5.120803
8.959012 -8.260437
-12.640021 -13.507159
2.892502 4.239701
-11.920328 5.251837
12.058538 3.090788
-14.501627 -2.252735
-2.097423 -3.801860
0.152734 -10.139051
0.342198 0.780578
6.640595 -13.064032
-14.576926 11.871414
-13.343660 -14.295692
13.856406 -12.556971
-1.120824 0.499565
-13.431685 -9.881250
4.499285 7.411527
-9.479278 3.816793
-0.693253 11.312637
