-8.123011 -14.348363
4.206263 13.727457
-11.487873 7.093036
-14.389794 -1.458855
-13.737487 -7.647378
-10.414447 5.741606
1.782289 -3.677476
-8.355252 14.473256
-12.511490 -13.132983
3.150342 -8.687754
11.733408 -10.560403
10.899021 -7.980797
-0.079893 6.362035
6.904793 -7.646067
-9.726836 0.324471
-9.547487 12.806309
-1.894100 13.652857
13.620568 5.366733
13.114208 14.087313
6.873756 4.923366
-8.347124 1.691875
3.486200 -13.673936
6.438072 -6.441932
-0.010616 12.069318
-2.931354 -14.538540
-12.541541 -6.396222
-7.375787 -9.635152
-4.182262 8.898807
7.479704 -6.157578
3.197372 13.524318
-5.168981 5.780005
-1.745139 -14.225864
3.092158 -6.610765
-14.728566 0.438915
5.177870 -12.041340
-13.471415 -4.181428
9.581764 -6.022606
-14.584692 3.804378
-1.468052 -8.427662
5.858946 -14.583588
8.204178 11.469956
12.792569 -10.602327
-1.527674 10.494159
8.526620 -6.273352
10.682290 -14.864211
-7.629171 -5.930644
-14.387911 11.175495
-0.421539 -4.114692
14.964646 10.322525
-4.117448 -14.570692
4.717125 -14.339097
5.555289 10.211876
10.977338 13.997942
12.384052 0.375042
10.187867 2.466706
-14.742722 -2.553128
4.244888 -8.084273
7.714502 14.278277
9.047374 2.300732
5.631371 9.213802
-3.989227 10.943258
-3.852246 4.443098
11.296009 -6.862740
9.878310 8.232328
13.032098 -5.786928
-7.322569 3.376401
-10.634734 -4.663452
5.876784 6.973006
13.894305 7.684529
9.908095 -7.791315
-3.967814 -3.200045
12.612409 4.738207
10.934057 -12.681781
-9.410291 2.646880
7.955649 9.028245
11.095476 -9.025026
-3.631961 -7.917277
7.135523 12.158100
4.514664 -4.500313
-6.930369 7.792143
14.416075 12.655057
4.748340 -9.822654
-11.650189 13.655688
-13.555038 3.452138
-9.725522 9.375625
-11.131913 9.392711
-0.673696 -6.556501
-2.463720 14.518064
-9.434346 -8.350450
10.214120 -3.334796
-0.910712 2.400675
0.406003 7.587663
-13.677277 -8.700456
4.260789 5.607259
1.440879 -9.105059
-4.642560 3.766935
5.054388 11.282169
2.355474 -9.516639
13.147994 10.091668
-4.536081 7.928556
-4.248885 -0.939647
7.787604 4.322571
-10.236723 4.608662
4.617561 -10.968955
13.833445 10.822976
9.953966 -1.411664
-8.534411 6.167100
-1.022108 -13.510900
13.011586 12.797508
-7.487004 9.920634
-14.601746 9.323080
-3.732608 -6.468720
-13.541492 7.088512
8.361085 -9.477426
-9.573926 6.355227
9.184463 -0.390975
-2.366959 -1.467824
-5.528192 -8.071185
-5.513453 -10.637275
-10.736202 0.232296
-12.256871 -1.217446
14.727148 1.313996
-8.339585 3.106416
11.833298 -14.150265
13.131743 11.789275
6.471392 -8.742940
3.428160 6.719800
-0.453471 -11.476792
2.405717 8.462382
12.034620 13.555862
-6.399137 -10.044957
-8.323797 10.889907
-10.781780 -10.305007
-14.012326 -9.677314
-5.677888 -13.532547
13.712945 2.162930
7.309064 -3.067146
13.623203 -2.270973
-12.631908 -2.147604
0.959793 10.250900
12.292851 -2.030410
9.174000 11.149567
10.824818 -11.443473
5.853041 -9.960457
0.898412 -0.651987
-9.381627 10.771554
-2.784729 -2.605309
-0.820876 -9.196347
2.813242 7.534654
-1.083162 -1.740416
13.926535 4.272914
4.254428 4.509583
12.611477 5.907049
9.761963 3.998681
13.242216 6.886435
8.169786 -10.578526
12.099874 3.319473
-8.378079 8.865101
0.651621 2.160315
-3.289319 3.597308
-11.842176 -14.394617
14.975308 -10.085134
2.584770 0.632164
-11.388856 -8.079728
2.177291 -2.379726
2.250456 -5.961589
-11.528362 -9.226575
4.994383 3.828313
2.841437 9.532342
13.610626 -14.303049
13.105041 3.231010
-10.531127 -8.758392
14.570040 11.533324
-11.999996 1.985752
-12.062214 -12.158411
-4.142113 -12.503528
13.669529 -1.264704
0.740378 -8.267314
3.963351 -3.441343
7.252471 3.367566
-0.233987 -0.599410
-11.177025 -11.309460
-3.191853 -12.050175
-1.816794 9.203690
0.647927 5.520040
-10.132115 -11.560126
10.116794 0.310343
-0.765791 3.613100
5.742676 -10.982603
-14.258154 -5.858580
-3.137843 8.952583
14.234726 -7.556738
1.438523 0.540585
-8.157373 -12.943576
8.064927 1.499534
-12.977886 10.861497
-3.065971 11.614510
-5.518580 -4.402315
-3.215660 -13.343655
-10.107583 -6.716286
-4.387418 0.141841
2.996275 5.776268
-12.394691 9.431969
13.885156 -10.774276
-12.703484 -7.438156
-2.674285 -8.798152
5.946575 4.398579
1.821555 -11.850294
-9.385088 1.568171
-11.716422 12.629845
3.932941 9.584451
-8.999116 -12.160659
-6.204157 8.597634
-6.263750 -12.636900
-3.480766 -1.711273
2.394327 -12.956957
-7.952039 -11.873092
-4.608526 -7.549185
-13.604742 -11.683670
2.503028 11.357509
-4.607752 1.243554
-0.426651 -14.538694
-10.963315 1.324379
-0.914540 11.631485
-14.302715 -4.842136
4.553126 -1.557037
-6.603421 -1.468733
-1.958928 5.509592
-0.951597 8.608038
-14.740099 -8.610290
-10.350212 3.328928
0.087746 -2.791751
1.172350 -2.817840
12.014816 9.620855
10.033230 -10.816057
-10.227222 -2.402266
10.145830 12.048257
9.738844 -11.861062
-11.259425 -6.818839
10.740703 -13.714832
5.224205 -7.707732
-7.755304 -6.934925
-12.522310 2.897318
-6.889727 -11.843310
-8.728178 7.149139
-3.088428 -4.424384
-5.401448 0.375942
11.285145 11.656533
1.752152 7.434195
-2.606228 0.338717
-0.437395 -8.210794
9.236720 -4.903027
-10.696680 -12.409638
7.910944 -14.393461
10.805158 7.014757
14.747507 8.277005
-5.343689 12.645460
-4.988464 -3.272392
13.312405 1.051250
9.260812 -10.105455
-1.094042 -5.270117
-8.825436 -2.022128
3.656811 -12.625630
-9.237164 3.866814
0.252220 3.118044
6.898214 -11.676710
2.962610 -3.052217
2.865186 12.471130
7.111937 11.153878
-4.438596 -9.962484
-10.559391 12.400980
9.604839 -8.783112
-8.489941 -9.110144
14.295006 6.702410
9.046517 -3.639700
2.542301 3.831240
1.802257 9.304054
-3.125285 -0.738052
14.368944 -6.325943
-10.912069 -3.598461
-0.447927 10.534482
8.058419 2.556356
5.045890 -3.628398
6.736018 9.058662
4.653458 -0.531294
-11.790376 4.005164
-5.453270 -14.558203
1.622042 14.808294
-5.865982 10.608718
-2.168245 -11.502955
14.505143 13.653718
-8.083330 4.117959
-2.364675 -12.754011
10.897311 8.035286
-9.282792 8.136184
8.967755 4.899913
7.831329 5.702209
4.538866 7.661167
-13.035005 -5.272452
8.798373 10.203052
-14.630713 -12.429762
7.515607 -1.466073
7.187278 -4.449058
8.903672 -7.482189
10.927135 12.759457
-4.736439 6.712678
4.803405 -2.584978
-7.597785 11.767797
-2.495753 4.615904
0.109159 8.558721
-1.403087 -2.787398
6.047402 12.634624
4.675392 8.756371
-11.328700 2.945392
-1.032426 12.792897
-12.902264 8.499023
1.766271 2.567832
2.280378 -7.198792
0.119153 4.417321
-7.349666 -3.380732
11.963442 -6.075190
2.251522 -10.778215
-12.458196 6.419675
14.081291 9.561173
-11.746936 0.666582
0.113544 -5.220158
-6.695495 -6.504453
14.701120 5.354086
-2.246570 3.484881
0.349018 -1.796845
-11.889103 -5.552232
4.228263 10.542108
-2.356623 -7.536902
3.727123 11.672775
-7.651165 -1.147580
-9.782358 -12.857079
-12.590161 14.099024
-2.148150 -5.214890
2.111729 -0.277048
0.181142 -13.618816
-4.847621 4.829585
-10.316941 -7.715034
-9.837297 -3.532506
0.714714 11.252764
-5.390274 2.648302
6.077707 11.218194
4.042067 14.885246
-4.360298 2.516044
-12.867860 13.085271
-5.876657 -11.681026
5.680630 1.488455
12.485315 -0.994061
9.350396 0.973295
-1.190644 14.489676
-8.823221 9.812920
5.386996 -9.049476
-13.542940 -6.588057
-14.856408 -7.064181
3.538750 -2.109217
-4.812083 -6.476983
-4.931311 14.494591
7.388629 0.142308
-4.049825 5.692824
14.736262 -5.311442
2.532740 -1.216771
-7.030533 4.466310
-14.579568 7.277282
-1.516952 -0.239210
-2.808565 7.528113
-4.274297 -5.259024
-3.579528 -11.020340
4.109734 -6.980040
-6.925037 10.889630
1.612638 -5.162121
12.777879 -13.733179
-6.777673 5.539575
1.359802 4.510892
11.767259 6.454596
-4.953049 11.332749
14.331539 -13.089416
-9.527590 -9.684504
10.333079 -9.849561
4.744038 6.546201
14.074506 -4.513412
11.737658 -2.871401
13.268101 -7.842081
-11.686368 8.256617
6.676252 -0.717669
9.637245 -14.738509
1.174022 -14.032918
4.122665 -5.525392
0.665741 -11.742465
-6.435058 14.929913
4.700488 -13.040411
-3.178292 -5.451149
-13.602643 -13.125220
14.445568 14.730574
1.047541 13.963870
12.931700 9.115196
8.871647 -13.865710
12.925038 -11.627362
-8.125768 5.176819
2.196709 13.313735
11.027039 10.379655
12.346800 -7.368666
-0.218052 1.457992
-5.554207 -2.099511
-7.407386 2.350800
-4.462069 -4.210393
4.896045 12.286979
6.584175 -5.368072
-4.059752 12.033920
-3.816674 14.370726
11.345290 -1.566530
0.207328 -7.261149
-9.497653 -4.477875
-5.187371 8.831602
-14.668092 -3.664461
-5.190932 -9.196848
-4.649932 -13.580768
-11.815276 -10.301431
1.147244 8.350548
6.290730 0.494266
6.096951 3.189644
-2.606821 1.606944
-11.600379 -2.623841
8.640385 14.859735
5.612429 -0.920278
-6.739669 -2.587600
2.730155 2.145927
14.730729 -0.591691
-5.309970 -5.602495
-6.557862 0.878236
1.539022 -1.536551
3.859730 12.664400
-8.502389 -10.138752
-14.012493 8.142698
8.789293 6.066851
-13.397778 4.563414
3.131404 10.548264
-2.185503 12.604419
-2.037044 -9.625990
-10.499415 8.603034
0.884188 6.701610
2.885735 -5.011450
9.392631 -2.541434
7.244454 13.156056
13.101443 -9.244145
-5.521794 7.496043
-2.912954 2.668339
9.802970 -13.193601
-10.448465 10.250714
-14.741037 -14.520686
-14.948419 -11.256921
8.089224 -3.962783
14.227394 0.393061
1.191753 -7.059689
14.511726 3.360110
8.765336 -12.334972
-7.514103 -4.819057
-13.702428 0.562377
14.050403 -8.624643
-14.548168 -13.467640
13.069967 -4.707179
1.869260 1.490816
12.098241 14.727628
-12.419463 5.346096
0.262113 14.593921
-6.423460 -8.891080
-8.312352 -8.016474
-4.792075 9.797338
10.773882 -5.954285
6.618025 2.043715
7.084250 1.146628
9.881969 10.349711
-8.892099 13.620655
3.154021 -4.038461
-1.852921 7.179223
5.797878 -4.684384
8.823412 -1.482020
5.142146 0.560795
-11.194211 -0.694054
-14.371068 4.863939
-7.308593 14.352293
9.229412 7.300966
-14.616117 14.356682
-11.392792 5.422960
-7.593834 0.379783
-3.053048 5.515891
0.838892 -6.054786
-7.317560 -10.825005
12.224253 -3.784007
2.181858 -14.173143
-1.489841 -4.256354
-6.362147 2.345754
10.852093 5.819648
-13.988075 -0.534765
-6.609911 -4.129183
13.412948 -0.201908
-11.120402 -1.739932
-10.340278 2.177505
3.393139 8.629256
8.584878 -8.485038
11.386295 2.082968
7.319295 -9.765284
-5.341155 -0.890031
-5.861233 14.007467
-13.638090 -2.516938
11.891042 8.618979
2.475103 14.276895
11.418681 -0.549778
1.752054 -8.048531
-12.711758 1.086761
1.358340 12.143311
10.933499 3.229371
-2.567058 10.261762
5.400365 -6.679441
3.165398 -14.621421
11.714884 5.234483
3.644172 -1.075325
-8.781760 -0.897789
6.788426 -10.613416
-3.671238 1.776535
-11.546559 10.314123
-6.679034 -7.739808
-0.819739 7.322203
11.241967 0.823021
-13.502157 -14.866972
-13.598306 9.217503
-13.294839 1.968637
-6.712510 -5.449316
8.638866 13.730361
-9.189023 -14.770426
-5.751580 3.716540
-12.858035 -14.100045
-12.576325 -9.513742
-13.291325 -1.337761
6.142436 5.874221
5.164635 5.067511
1.199404 3.470232
-12.890782 -0.025456
-1.078076 6.217286
-10.471365 13.482453
-9.815068 -5.505788
10.407408 4.887207
10.722834 9.257047
-14.699535 6.248955
-13.568765 6.028678
-0.764059 0.454126
3.243876 -7.628163
-8.993569 -6.213122
-2.368569 -3.678370
-11.485197 11.315170
-6.456180 9.645265
-3.095921 13.386434
8.833892 3.500024
-13.788743 10.206038
13.910906 -11.965660
-0.093507 -10.331110
3.870704 2.541030
-8.833595 11.939602
12.933203 -3.012211
8.452651 0.313036
5.194910 14.577582
11.292962 4.245110
-1.664042 -6.122406
-12.583885 7.515612
2.198731 6.393334
0.172647 9.592265
3.437447 -9.799777
-9.171359 5.071373
-7.396417 -8.498480
-12.515700 11.938557
-14.452486 12.725411
10.347030 -4.942868
8.167967 -5.204324
-9.864098 -0.696880
6.653634 10.083805
-6.027386 4.865892
-5.760022 -7.018115
0.387915 0.369278
6.358520 14.407291
12.708566 1.904066
8.152364 7.867748
-10.376982 11.301559
14.389854 -3.224305
-3.787429 9.822220
-6.109308 11.856511
8.116365 -0.638015
7.883666 -7.372929
9.005731 -11.156211
-0.674009 5.240056
-13.533918 12.209456
-4.460172 -2.028921
4.582218 1.503367
3.354480 1.314673
-8.590589 -5.239543
8.218620 12.557072
6.605568 7.811317
-1.904687 2.517654
1.886571 5.373078
-12.447539 -4.393853
11.773110 7.454946
-1.385898 -7.282182
5.670294 8.179332
-3.670288 -9.123051
-8.737597 -3.166334
-0.062680 -12.627974
-1.501669 4.312649
-4.451581 13.155857
0.530693 13.013022
-7.372506 8.896479
-1.884056 8.187896
12.134106 -8.799922
13.276713 -6.823094
-9.178038 -7.383604
-8.592672 0.280253
9.018629 8.818158
2.912606 -11.914888
-7.047590 12.951322
9.944755 13.998526
-2.667035 6.525779
-1.325132 -10.405942
5.204856 13.516881
-12.481305 -11.140415
6.501822 -1.986830
-13.790066 13.783147
7.637150 10.282754
-9.808726 14.314637
3.749113 0.112542
7.602311 6.953938
-4.606332 -11.140970
9.741015 5.660714
6.037656 -12.570621
-10.453520 -13.614363
-6.993676 -14.238655
9.471397 12.980459
0.952252 -12.847710
-7.718253 -2.194552
5.387878 -5.628982
-0.422280 13.607858
14.630302 -1.727669
-13.449954 -10.580572
13.230929 -12.732230
-11.171750 14.642165
-6.276966 6.743662
11.396663 -4.663556
8.254565 -2.409237
-10.404138 7.192930
7.546322 -8.532985
11.817286 -11.934376
12.773046 8.067874
7.991078 -11.611884
-14.734532 2.455795
-1.223386 -12.525736
-10.258032 -14.677578
-12.786544 -3.194603
6.898224 -13.686443
-1.950187 11.616874
12.311618 11.139158
-7.286440 6.688868
0.978354 -4.357254
3.060286 4.706664
-6.251366 -0.168293
11.943248 12.450020
-8.275535 12.780288
-5.238082 -12.545332
7.542207 -12.657735
-2.675318 -6.349066
0.997795 -10.596981
10.572149 -2.272401
5.774540 -13.583009
-11.466291 -13.336379
-9.127581 -10.922468
-7.970852 7.885181
-12.298176 -8.537981
-5.589096 1.612492
-8.919183 -13.675421
3.712766 3.658613
5.175814 2.499343
-1.689987 1.029554
10.223415 -6.806966
3.573614 -11.092356
-8.527934 -4.151319
-3.729782 7.021626
-14.281539 1.559347
0.234699 -9.180378
6.169465 -3.315776
-2.928471 -10.108811
